 VARIABLES = "Z","U","V","W","T","Q","VP"
 ZONE K =          22 ,F=POINT
   0.000000E+00   0.000000E+00   0.000000E+00   0.000000E+00   0.000000E+00   0.000000E+00   0.000000E+00
   0.250000E-01  -0.124761E-03   0.871737E-11   0.713114E-06   0.000000E+00   0.000000E+00   0.000000E+00
   0.750000E-01  -0.126601E-03   0.818974E-11   0.236015E-05   0.000000E+00   0.000000E+00   0.000000E+00
   0.125000E+00  -0.134413E-03   0.992713E-11   0.378983E-05   0.000000E+00   0.000000E+00   0.000000E+00
   0.175000E+00  -0.141383E-03   0.712225E-11   0.562897E-05   0.000000E+00   0.000000E+00   0.000000E+00
   0.225000E+00  -0.156450E-03   0.111494E-10   0.710387E-05   0.000000E+00   0.000000E+00   0.000000E+00
   0.275000E+00  -0.169245E-03   0.577868E-11   0.927061E-05   0.000000E+00   0.000000E+00   0.000000E+00
   0.325000E+00  -0.193018E-03   0.121801E-10   0.108172E-04   0.000000E+00   0.000000E+00   0.000000E+00
   0.375000E+00  -0.212064E-03   0.366526E-11   0.133995E-04   0.000000E+00   0.000000E+00   0.000000E+00
   0.425000E+00  -0.246492E-03   0.125010E-10   0.149783E-04   0.000000E+00   0.000000E+00   0.000000E+00
   0.475000E+00  -0.272150E-03   0.216020E-12   0.179330E-04   0.000000E+00   0.000000E+00   0.000000E+00
   0.525000E+00  -0.319239E-03   0.112510E-10   0.193772E-04   0.000000E+00   0.000000E+00   0.000000E+00
   0.575000E+00  -0.351315E-03  -0.498508E-11   0.223631E-04   0.000000E+00   0.000000E+00   0.000000E+00
   0.625000E+00  -0.411980E-03   0.735782E-11   0.232889E-04   0.000000E+00   0.000000E+00   0.000000E+00
   0.675000E+00  -0.448782E-03  -0.118002E-10   0.254104E-04   0.000000E+00   0.000000E+00   0.000000E+00
   0.725000E+00  -0.520413E-03   0.343952E-13   0.251410E-04   0.000000E+00   0.000000E+00   0.000000E+00
   0.775000E+00  -0.557274E-03  -0.189949E-10   0.247428E-04   0.000000E+00   0.000000E+00   0.000000E+00
   0.825000E+00  -0.629798E-03  -0.102470E-10   0.224182E-04   0.000000E+00   0.000000E+00   0.000000E+00
   0.875000E+00  -0.657630E-03  -0.239791E-10   0.174741E-04   0.000000E+00   0.000000E+00   0.000000E+00
   0.925000E+00  -0.697525E-03  -0.207299E-10   0.127221E-04   0.000000E+00   0.000000E+00   0.000000E+00
   0.975000E+00   0.637054E-02  -0.237005E-10   0.280977E-05   0.000000E+00   0.000000E+00   0.000000E+00
   0.100000E+01   0.100000E+01   0.000000E+00   0.000000E+00   0.000000E+00   0.000000E+00   0.000000E+00
 VARIABLES = "Z","U","V","W","T","Q","VP"
 ZONE K =          22 ,F=POINT
   0.000000E+00   0.000000E+00   0.000000E+00   0.000000E+00   0.000000E+00   0.000000E+00   0.000000E+00
   0.250000E-01  -0.247645E-03   0.252794E-10   0.114681E-05   0.000000E+00   0.000000E+00   0.000000E+00
   0.750000E-01  -0.251693E-03   0.235213E-10   0.490038E-05   0.000000E+00   0.000000E+00   0.000000E+00
   0.125000E+00  -0.268650E-03   0.286800E-10   0.723853E-05   0.000000E+00   0.000000E+00   0.000000E+00
   0.175000E+00  -0.280178E-03   0.190960E-10   0.113446E-04   0.000000E+00   0.000000E+00   0.000000E+00
   0.225000E+00  -0.313431E-03   0.312326E-10   0.137806E-04   0.000000E+00   0.000000E+00   0.000000E+00
   0.275000E+00  -0.334741E-03   0.135399E-10   0.185033E-04   0.000000E+00   0.000000E+00   0.000000E+00
   0.325000E+00  -0.387149E-03   0.325329E-10   0.210900E-04   0.000000E+00   0.000000E+00   0.000000E+00
   0.375000E+00  -0.419132E-03   0.583097E-11   0.265833E-04   0.000000E+00   0.000000E+00   0.000000E+00
   0.425000E+00  -0.494499E-03   0.313543E-10   0.292674E-04   0.000000E+00   0.000000E+00   0.000000E+00
   0.475000E+00  -0.538018E-03  -0.522136E-11   0.354025E-04   0.000000E+00   0.000000E+00   0.000000E+00
   0.525000E+00  -0.640113E-03   0.257791E-10   0.379151E-04   0.000000E+00   0.000000E+00   0.000000E+00
   0.575000E+00  -0.695146E-03  -0.204033E-10   0.439476E-04   0.000000E+00   0.000000E+00   0.000000E+00
   0.625000E+00  -0.825257E-03   0.135603E-10   0.456352E-04   0.000000E+00   0.000000E+00   0.000000E+00
   0.675000E+00  -0.889188E-03  -0.391093E-10   0.497045E-04   0.000000E+00   0.000000E+00   0.000000E+00
   0.725000E+00  -0.104111E-02  -0.677989E-11   0.493755E-04   0.000000E+00   0.000000E+00   0.000000E+00
   0.775000E+00  -0.110593E-02  -0.580324E-10   0.481269E-04   0.000000E+00   0.000000E+00   0.000000E+00
   0.825000E+00  -0.125799E-02  -0.338687E-10   0.442278E-04   0.000000E+00   0.000000E+00   0.000000E+00
   0.875000E+00  -0.130735E-02  -0.705632E-10   0.336381E-04   0.000000E+00   0.000000E+00   0.000000E+00
   0.925000E+00  -0.136586E-02  -0.611688E-10   0.254644E-04   0.000000E+00   0.000000E+00   0.000000E+00
   0.975000E+00   0.126632E-01  -0.688867E-10   0.479044E-05   0.000000E+00   0.000000E+00   0.000000E+00
   0.100000E+01   0.100000E+01   0.000000E+00   0.000000E+00   0.000000E+00   0.000000E+00   0.000000E+00
 VARIABLES = "Z","U","V","W","T","Q","VP"
 ZONE K =          22 ,F=POINT
   0.000000E+00   0.000000E+00   0.000000E+00   0.000000E+00   0.000000E+00   0.000000E+00   0.000000E+00
   0.250000E-01  -0.368878E-03   0.409457E-10   0.152666E-05   0.000000E+00   0.000000E+00   0.000000E+00
   0.750000E-01  -0.375931E-03   0.378166E-10   0.744785E-05   0.000000E+00   0.000000E+00   0.000000E+00
   0.125000E+00  -0.402087E-03   0.466460E-10   0.106086E-04   0.000000E+00   0.000000E+00   0.000000E+00
   0.175000E+00  -0.417930E-03   0.289958E-10   0.170402E-04   0.000000E+00   0.000000E+00   0.000000E+00
   0.225000E+00  -0.469531E-03   0.502166E-10   0.203569E-04   0.000000E+00   0.000000E+00   0.000000E+00
   0.275000E+00  -0.498943E-03   0.177430E-10   0.276884E-04   0.000000E+00   0.000000E+00   0.000000E+00
   0.325000E+00  -0.580224E-03   0.513925E-10   0.312447E-04   0.000000E+00   0.000000E+00   0.000000E+00
   0.375000E+00  -0.624599E-03   0.241410E-11   0.396936E-04   0.000000E+00   0.000000E+00   0.000000E+00
   0.425000E+00  -0.741164E-03   0.483822E-10   0.434272E-04   0.000000E+00   0.000000E+00   0.000000E+00
   0.475000E+00  -0.801915E-03  -0.189140E-10   0.527772E-04   0.000000E+00   0.000000E+00   0.000000E+00
   0.525000E+00  -0.959234E-03   0.383264E-10   0.563229E-04   0.000000E+00   0.000000E+00   0.000000E+00
   0.575000E+00  -0.103656E-02  -0.472921E-10   0.654234E-04   0.000000E+00   0.000000E+00   0.000000E+00
   0.625000E+00  -0.123624E-02   0.178473E-10   0.678673E-04   0.000000E+00   0.000000E+00   0.000000E+00
   0.675000E+00  -0.132667E-02  -0.810049E-10   0.738858E-04   0.000000E+00   0.000000E+00   0.000000E+00
   0.725000E+00  -0.155886E-02  -0.154849E-10   0.735363E-04   0.000000E+00   0.000000E+00   0.000000E+00
   0.775000E+00  -0.165111E-02  -0.113224E-09   0.714044E-04   0.000000E+00   0.000000E+00   0.000000E+00
   0.825000E+00  -0.188253E-02  -0.603077E-10   0.660327E-04   0.000000E+00   0.000000E+00   0.000000E+00
   0.875000E+00  -0.195287E-02  -0.131451E-09   0.497105E-04   0.000000E+00   0.000000E+00   0.000000E+00
   0.925000E+00  -0.200547E-02  -0.107676E-09   0.382852E-04   0.000000E+00   0.000000E+00   0.000000E+00
   0.975000E+00   0.188911E-01  -0.122544E-09   0.666339E-05   0.000000E+00   0.000000E+00   0.000000E+00
   0.100000E+01   0.100000E+01   0.000000E+00   0.000000E+00   0.000000E+00   0.000000E+00   0.000000E+00
 VARIABLES = "Z","U","V","W","T","Q","VP"
 ZONE K =          22 ,F=POINT
   0.000000E+00   0.000000E+00   0.000000E+00   0.000000E+00   0.000000E+00   0.000000E+00   0.000000E+00
   0.250000E-01  -0.488478E-03   0.552906E-10   0.186288E-05   0.000000E+00   0.000000E+00   0.000000E+00
   0.750000E-01  -0.499358E-03   0.503777E-10   0.100054E-04   0.000000E+00   0.000000E+00   0.000000E+00
   0.125000E+00  -0.534648E-03   0.636474E-10   0.139215E-04   0.000000E+00   0.000000E+00   0.000000E+00
   0.175000E+00  -0.554764E-03   0.352996E-10   0.227326E-04   0.000000E+00   0.000000E+00   0.000000E+00
   0.225000E+00  -0.624603E-03   0.680808E-10   0.268624E-04   0.000000E+00   0.000000E+00   0.000000E+00
   0.275000E+00  -0.662045E-03   0.157448E-10   0.368572E-04   0.000000E+00   0.000000E+00   0.000000E+00
   0.325000E+00  -0.772041E-03   0.690139E-10   0.413163E-04   0.000000E+00   0.000000E+00   0.000000E+00
   0.375000E+00  -0.828707E-03  -0.106623E-10   0.527753E-04   0.000000E+00   0.000000E+00   0.000000E+00
   0.425000E+00  -0.986256E-03   0.644906E-10   0.574963E-04   0.000000E+00   0.000000E+00   0.000000E+00
   0.475000E+00  -0.106411E-02  -0.465731E-10   0.701135E-04   0.000000E+00   0.000000E+00   0.000000E+00
   0.525000E+00  -0.127637E-02   0.511826E-10   0.746423E-04   0.000000E+00   0.000000E+00   0.000000E+00
   0.575000E+00  -0.137583E-02  -0.927292E-10   0.868550E-04   0.000000E+00   0.000000E+00   0.000000E+00
   0.625000E+00  -0.164472E-02   0.250194E-10   0.900322E-04   0.000000E+00   0.000000E+00   0.000000E+00
   0.675000E+00  -0.176146E-02  -0.144597E-09   0.980230E-04   0.000000E+00   0.000000E+00   0.000000E+00
   0.725000E+00  -0.207350E-02  -0.175699E-10   0.976796E-04   0.000000E+00   0.000000E+00   0.000000E+00
   0.775000E+00  -0.219299E-02  -0.188774E-09   0.946427E-04   0.000000E+00   0.000000E+00   0.000000E+00
   0.825000E+00  -0.250331E-02  -0.771836E-10   0.879002E-04   0.000000E+00   0.000000E+00   0.000000E+00
   0.875000E+00  -0.259421E-02  -0.203964E-09   0.657491E-04   0.000000E+00   0.000000E+00   0.000000E+00
   0.925000E+00  -0.261676E-02  -0.146667E-09   0.512560E-04   0.000000E+00   0.000000E+00   0.000000E+00
   0.975000E+00   0.250551E-01  -0.173467E-09   0.844194E-05   0.000000E+00   0.000000E+00   0.000000E+00
   0.100000E+01   0.100000E+01   0.000000E+00   0.000000E+00   0.000000E+00   0.000000E+00   0.000000E+00
 VARIABLES = "Z","U","V","W","T","Q","VP"
 ZONE K =          22 ,F=POINT
   0.000000E+00   0.000000E+00   0.000000E+00   0.000000E+00   0.000000E+00   0.000000E+00   0.000000E+00
   0.250000E-01  -0.606467E-03   0.676845E-10   0.214394E-05   0.000000E+00   0.000000E+00   0.000000E+00
   0.750000E-01  -0.621981E-03   0.602478E-10   0.125864E-04   0.000000E+00   0.000000E+00   0.000000E+00
   0.125000E+00  -0.666338E-03   0.793828E-10   0.171672E-04   0.000000E+00   0.000000E+00   0.000000E+00
   0.175000E+00  -0.690696E-03   0.360785E-10   0.284364E-04   0.000000E+00   0.000000E+00   0.000000E+00
   0.225000E+00  -0.778647E-03   0.847841E-10   0.332892E-04   0.000000E+00   0.000000E+00   0.000000E+00
   0.275000E+00  -0.824069E-03   0.429979E-11   0.460256E-04   0.000000E+00   0.000000E+00   0.000000E+00
   0.325000E+00  -0.962601E-03   0.858297E-10   0.513002E-04   0.000000E+00   0.000000E+00   0.000000E+00
   0.375000E+00  -0.103148E-02  -0.382843E-10   0.658462E-04   0.000000E+00   0.000000E+00   0.000000E+00
   0.425000E+00  -0.122977E-02   0.811924E-10   0.714747E-04   0.000000E+00   0.000000E+00   0.000000E+00
   0.475000E+00  -0.132462E-02  -0.948218E-10   0.874311E-04   0.000000E+00   0.000000E+00   0.000000E+00
   0.525000E+00  -0.159151E-02   0.681095E-10   0.928816E-04   0.000000E+00   0.000000E+00   0.000000E+00
   0.575000E+00  -0.171298E-02  -0.164446E-09   0.108265E-03   0.000000E+00   0.000000E+00   0.000000E+00
   0.625000E+00  -0.205070E-02   0.429015E-10   0.112151E-03   0.000000E+00   0.000000E+00   0.000000E+00
   0.675000E+00  -0.219360E-02  -0.236590E-09   0.122141E-03   0.000000E+00   0.000000E+00   0.000000E+00
   0.725000E+00  -0.258505E-02   0.878553E-12   0.121844E-03   0.000000E+00   0.000000E+00   0.000000E+00
   0.775000E+00  -0.273160E-02  -0.286131E-09   0.117870E-03   0.000000E+00   0.000000E+00   0.000000E+00
   0.825000E+00  -0.312036E-02  -0.638634E-10   0.109892E-03   0.000000E+00   0.000000E+00   0.000000E+00
   0.875000E+00  -0.323132E-02  -0.279041E-09   0.817802E-04   0.000000E+00   0.000000E+00   0.000000E+00
   0.925000E+00  -0.320019E-02  -0.154330E-09   0.644525E-04   0.000000E+00   0.000000E+00   0.000000E+00
   0.975000E+00   0.311558E-01  -0.200939E-09   0.101197E-04   0.000000E+00   0.000000E+00   0.000000E+00
   0.100000E+01   0.100000E+01   0.000000E+00   0.000000E+00   0.000000E+00   0.000000E+00   0.000000E+00
 VARIABLES = "Z","U","V","W","T","Q","VP"
 ZONE K =          22 ,F=POINT
   0.000000E+00   0.000000E+00   0.000000E+00   0.000000E+00   0.000000E+00   0.000000E+00   0.000000E+00
   0.250000E-01  -0.722867E-03   0.772885E-10   0.235784E-05   0.000000E+00   0.000000E+00   0.000000E+00
   0.750000E-01  -0.743806E-03   0.662118E-10   0.152040E-04   0.000000E+00   0.000000E+00   0.000000E+00
   0.125000E+00  -0.797165E-03   0.934204E-10   0.203346E-04   0.000000E+00   0.000000E+00   0.000000E+00
   0.175000E+00  -0.825737E-03   0.290225E-10   0.341654E-04   0.000000E+00   0.000000E+00   0.000000E+00
   0.225000E+00  -0.931676E-03   0.100260E-09   0.396279E-04   0.000000E+00   0.000000E+00   0.000000E+00
   0.275000E+00  -0.985025E-03  -0.203789E-10   0.552083E-04   0.000000E+00   0.000000E+00   0.000000E+00
   0.325000E+00  -0.115192E-02   0.102441E-09   0.611895E-04   0.000000E+00   0.000000E+00   0.000000E+00
   0.375000E+00  -0.123294E-02  -0.860507E-10   0.789218E-04   0.000000E+00   0.000000E+00   0.000000E+00
   0.425000E+00  -0.147173E-02   0.100562E-09   0.853606E-04   0.000000E+00   0.000000E+00   0.000000E+00
   0.475000E+00  -0.158348E-02  -0.171075E-09   0.104747E-03   0.000000E+00   0.000000E+00   0.000000E+00
   0.525000E+00  -0.190469E-02   0.942021E-10   0.111047E-03   0.000000E+00   0.000000E+00   0.000000E+00
   0.575000E+00  -0.204804E-02  -0.270719E-09   0.129672E-03   0.000000E+00   0.000000E+00   0.000000E+00
   0.625000E+00  -0.245420E-02   0.820279E-10   0.134242E-03   0.000000E+00   0.000000E+00   0.000000E+00
   0.675000E+00  -0.262311E-02  -0.363266E-09   0.146263E-03   0.000000E+00   0.000000E+00   0.000000E+00
   0.725000E+00  -0.309351E-02   0.586012E-10   0.146067E-03   0.000000E+00   0.000000E+00   0.000000E+00
   0.775000E+00  -0.326697E-02  -0.404198E-09   0.141110E-03   0.000000E+00   0.000000E+00   0.000000E+00
   0.825000E+00  -0.373370E-02   0.766743E-11   0.132065E-03   0.000000E+00   0.000000E+00   0.000000E+00
   0.875000E+00  -0.386415E-02  -0.341827E-09   0.978283E-04   0.000000E+00   0.000000E+00   0.000000E+00
   0.925000E+00  -0.375617E-02  -0.976907E-10   0.779474E-04   0.000000E+00   0.000000E+00   0.000000E+00
   0.975000E+00   0.371940E-01  -0.175854E-09   0.116896E-04   0.000000E+00   0.000000E+00   0.000000E+00
   0.100000E+01   0.100000E+01   0.000000E+00   0.000000E+00   0.000000E+00   0.000000E+00   0.000000E+00
 VARIABLES = "Z","U","V","W","T","Q","VP"
 ZONE K =          22 ,F=POINT
   0.000000E+00   0.000000E+00   0.000000E+00   0.000000E+00   0.000000E+00   0.000000E+00   0.000000E+00
   0.250000E-01  -0.837701E-03   0.830816E-10   0.249330E-05   0.000000E+00   0.000000E+00   0.000000E+00
   0.750000E-01  -0.864838E-03   0.668283E-10   0.178703E-04   0.000000E+00   0.000000E+00   0.000000E+00
   0.125000E+00  -0.927139E-03   0.105211E-09   0.234132E-04   0.000000E+00   0.000000E+00   0.000000E+00
   0.175000E+00  -0.959895E-03   0.114883E-10   0.399324E-04   0.000000E+00   0.000000E+00   0.000000E+00
   0.225000E+00  -0.108370E-02   0.114415E-09   0.458696E-04   0.000000E+00   0.000000E+00   0.000000E+00
   0.275000E+00  -0.114492E-02  -0.625533E-10   0.644187E-04   0.000000E+00   0.000000E+00   0.000000E+00
   0.325000E+00  -0.134000E-02   0.119582E-09   0.709783E-04   0.000000E+00   0.000000E+00   0.000000E+00
   0.375000E+00  -0.143309E-02  -0.160184E-09   0.920165E-04   0.000000E+00   0.000000E+00   0.000000E+00
   0.425000E+00  -0.171215E-02   0.125143E-09   0.991524E-04   0.000000E+00   0.000000E+00   0.000000E+00
   0.475000E+00  -0.184069E-02  -0.283432E-09   0.122077E-03   0.000000E+00   0.000000E+00   0.000000E+00
   0.525000E+00  -0.221592E-02   0.135698E-09   0.129144E-03   0.000000E+00   0.000000E+00   0.000000E+00
   0.575000E+00  -0.238101E-02  -0.420271E-09   0.151094E-03   0.000000E+00   0.000000E+00   0.000000E+00
   0.625000E+00  -0.285524E-02   0.155292E-09   0.156323E-03   0.000000E+00   0.000000E+00   0.000000E+00
   0.675000E+00  -0.305000E-02  -0.530461E-09   0.170409E-03   0.000000E+00   0.000000E+00   0.000000E+00
   0.725000E+00  -0.359892E-02   0.178589E-09   0.170384E-03   0.000000E+00   0.000000E+00   0.000000E+00
   0.775000E+00  -0.379911E-02  -0.539506E-09   0.164388E-03   0.000000E+00   0.000000E+00   0.000000E+00
   0.825000E+00  -0.434334E-02   0.171977E-09   0.154477E-03   0.000000E+00   0.000000E+00   0.000000E+00
   0.875000E+00  -0.449265E-02  -0.372198E-09   0.113917E-03   0.000000E+00   0.000000E+00   0.000000E+00
   0.925000E+00  -0.428515E-02   0.644041E-10   0.918098E-04   0.000000E+00   0.000000E+00   0.000000E+00
   0.975000E+00   0.431704E-01  -0.617553E-10   0.131455E-04   0.000000E+00   0.000000E+00   0.000000E+00
   0.100000E+01   0.100000E+01   0.000000E+00   0.000000E+00   0.000000E+00   0.000000E+00   0.000000E+00
 VARIABLES = "Z","U","V","W","T","Q","VP"
 ZONE K =          22 ,F=POINT
   0.000000E+00   0.000000E+00   0.000000E+00   0.000000E+00   0.000000E+00   0.000000E+00   0.000000E+00
   0.250000E-01  -0.950990E-03   0.838761E-10   0.253976E-05   0.000000E+00   0.000000E+00   0.000000E+00
   0.750000E-01  -0.985082E-03   0.604514E-10   0.205971E-04   0.000000E+00   0.000000E+00   0.000000E+00
   0.125000E+00  -0.105627E-02   0.114092E-09   0.263934E-04   0.000000E+00   0.000000E+00   0.000000E+00
   0.175000E+00  -0.109318E-02  -0.194638E-10   0.457497E-04   0.000000E+00   0.000000E+00   0.000000E+00
   0.225000E+00  -0.123472E-02   0.127111E-09   0.520061E-04   0.000000E+00   0.000000E+00   0.000000E+00
   0.275000E+00  -0.130378E-02  -0.126903E-09   0.736696E-04   0.000000E+00   0.000000E+00   0.000000E+00
   0.325000E+00  -0.152686E-02   0.138077E-09   0.806606E-04   0.000000E+00   0.000000E+00   0.000000E+00
   0.375000E+00  -0.163194E-02  -0.267447E-09   0.105144E-03   0.000000E+00   0.000000E+00   0.000000E+00
   0.425000E+00  -0.195103E-02   0.157855E-09   0.112849E-03   0.000000E+00   0.000000E+00   0.000000E+00
   0.475000E+00  -0.209627E-02  -0.440572E-09   0.139436E-03   0.000000E+00   0.000000E+00   0.000000E+00
   0.525000E+00  -0.252520E-02   0.199796E-09   0.147178E-03   0.000000E+00   0.000000E+00   0.000000E+00
   0.575000E+00  -0.271192E-02  -0.622171E-09   0.172549E-03   0.000000E+00   0.000000E+00   0.000000E+00
   0.625000E+00  -0.325384E-02   0.277620E-09   0.178411E-03   0.000000E+00   0.000000E+00   0.000000E+00
   0.675000E+00  -0.347430E-02  -0.743535E-09   0.194600E-03   0.000000E+00   0.000000E+00   0.000000E+00
   0.725000E+00  -0.410130E-02   0.387550E-09   0.194827E-03   0.000000E+00   0.000000E+00   0.000000E+00
   0.775000E+00  -0.432806E-02  -0.686380E-09   0.187727E-03   0.000000E+00   0.000000E+00   0.000000E+00
   0.825000E+00  -0.494931E-02   0.469418E-09   0.177180E-03   0.000000E+00   0.000000E+00   0.000000E+00
   0.875000E+00  -0.511675E-02  -0.345253E-09   0.130070E-03   0.000000E+00   0.000000E+00   0.000000E+00
   0.925000E+00  -0.478754E-02   0.380368E-09   0.106105E-03   0.000000E+00   0.000000E+00   0.000000E+00
   0.975000E+00   0.490857E-01   0.184216E-09   0.144816E-04   0.000000E+00   0.000000E+00   0.000000E+00
   0.100000E+01   0.100000E+01   0.000000E+00   0.000000E+00   0.000000E+00   0.000000E+00   0.000000E+00
 VARIABLES = "Z","U","V","W","T","Q","VP"
 ZONE K =          22 ,F=POINT
   0.000000E+00   0.000000E+00   0.000000E+00   0.000000E+00   0.000000E+00   0.000000E+00   0.000000E+00
   0.250000E-01  -0.106276E-02   0.783311E-10   0.248739E-05   0.000000E+00   0.000000E+00   0.000000E+00
   0.750000E-01  -0.110455E-02   0.452495E-10   0.233950E-04   0.000000E+00   0.000000E+00   0.000000E+00
   0.125000E+00  -0.118456E-02   0.119282E-09   0.292661E-04   0.000000E+00   0.000000E+00   0.000000E+00
   0.175000E+00  -0.122560E-02  -0.670358E-10   0.516285E-04   0.000000E+00   0.000000E+00   0.000000E+00
   0.225000E+00  -0.138476E-02   0.138150E-09   0.580296E-04   0.000000E+00   0.000000E+00   0.000000E+00
   0.275000E+00  -0.146160E-02  -0.218470E-09   0.829730E-04   0.000000E+00   0.000000E+00   0.000000E+00
   0.325000E+00  -0.171251E-02   0.158804E-09   0.902313E-04   0.000000E+00   0.000000E+00   0.000000E+00
   0.375000E+00  -0.182952E-02  -0.415067E-09   0.118317E-03   0.000000E+00   0.000000E+00   0.000000E+00
   0.425000E+00  -0.218840E-02   0.201912E-09   0.126448E-03   0.000000E+00   0.000000E+00   0.000000E+00
   0.475000E+00  -0.235024E-02  -0.651660E-09   0.156839E-03   0.000000E+00   0.000000E+00   0.000000E+00
   0.525000E+00  -0.283257E-02   0.294487E-09   0.165156E-03   0.000000E+00   0.000000E+00   0.000000E+00
   0.575000E+00  -0.304079E-02  -0.885742E-09   0.194054E-03   0.000000E+00   0.000000E+00   0.000000E+00
   0.625000E+00  -0.365001E-02   0.465666E-09   0.200523E-03   0.000000E+00   0.000000E+00   0.000000E+00
   0.675000E+00  -0.389602E-02  -0.100735E-08   0.218856E-03   0.000000E+00   0.000000E+00   0.000000E+00
   0.725000E+00  -0.460066E-02   0.715408E-09   0.219430E-03   0.000000E+00   0.000000E+00   0.000000E+00
   0.775000E+00  -0.485383E-02  -0.837089E-09   0.211151E-03   0.000000E+00   0.000000E+00   0.000000E+00
   0.825000E+00  -0.555163E-02   0.945412E-09   0.200225E-03   0.000000E+00   0.000000E+00   0.000000E+00
   0.875000E+00  -0.573643E-02  -0.231774E-09   0.146311E-03   0.000000E+00   0.000000E+00   0.000000E+00
   0.925000E+00  -0.526378E-02   0.905018E-09   0.120895E-03   0.000000E+00   0.000000E+00   0.000000E+00
   0.975000E+00   0.549407E-01   0.610425E-09   0.156930E-04   0.000000E+00   0.000000E+00   0.000000E+00
   0.100000E+01   0.100000E+01   0.000000E+00   0.000000E+00   0.000000E+00   0.000000E+00   0.000000E+00
 VARIABLES = "Z","U","V","W","T","Q","VP"
 ZONE K =          22 ,F=POINT
   0.000000E+00   0.000000E+00   0.000000E+00   0.000000E+00   0.000000E+00   0.000000E+00   0.000000E+00
   0.250000E-01  -0.117302E-02   0.649648E-10   0.232705E-05   0.000000E+00   0.000000E+00   0.000000E+00
   0.750000E-01  -0.122323E-02   0.192223E-10   0.262740E-04   0.000000E+00   0.000000E+00   0.000000E+00
   0.125000E+00  -0.131202E-02   0.119889E-09   0.320227E-04   0.000000E+00   0.000000E+00   0.000000E+00
   0.175000E+00  -0.135716E-02  -0.134660E-09   0.575793E-04   0.000000E+00   0.000000E+00   0.000000E+00
   0.225000E+00  -0.153382E-02   0.147266E-09   0.639331E-04   0.000000E+00   0.000000E+00   0.000000E+00
   0.275000E+00  -0.161840E-02  -0.342613E-09   0.923399E-04   0.000000E+00   0.000000E+00   0.000000E+00
   0.325000E+00  -0.189696E-02   0.182651E-09   0.996856E-04   0.000000E+00   0.000000E+00   0.000000E+00
   0.375000E+00  -0.202583E-02  -0.610669E-09   0.131548E-03   0.000000E+00   0.000000E+00   0.000000E+00
   0.425000E+00  -0.242426E-02   0.260739E-09   0.139950E-03   0.000000E+00   0.000000E+00   0.000000E+00
   0.475000E+00  -0.260261E-02  -0.926263E-09   0.174299E-03   0.000000E+00   0.000000E+00   0.000000E+00
   0.525000E+00  -0.313803E-02   0.428403E-09   0.183082E-03   0.000000E+00   0.000000E+00   0.000000E+00
   0.575000E+00  -0.336764E-02  -0.122049E-08   0.215623E-03   0.000000E+00   0.000000E+00   0.000000E+00
   0.625000E+00  -0.404378E-02   0.737534E-09   0.222675E-03   0.000000E+00   0.000000E+00   0.000000E+00
   0.675000E+00  -0.431520E-02  -0.132625E-08   0.243195E-03   0.000000E+00   0.000000E+00   0.000000E+00
   0.725000E+00  -0.509703E-02   0.119484E-08   0.244223E-03   0.000000E+00   0.000000E+00   0.000000E+00
   0.775000E+00  -0.537645E-02  -0.981999E-09   0.234680E-03   0.000000E+00   0.000000E+00   0.000000E+00
   0.825000E+00  -0.615033E-02   0.164978E-08   0.223661E-03   0.000000E+00   0.000000E+00   0.000000E+00
   0.875000E+00  -0.635163E-02   0.133105E-11   0.162662E-03   0.000000E+00   0.000000E+00   0.000000E+00
   0.925000E+00  -0.571427E-02   0.169876E-08   0.136239E-03   0.000000E+00   0.000000E+00   0.000000E+00
   0.975000E+00   0.607359E-01   0.126991E-08   0.167751E-04   0.000000E+00   0.000000E+00   0.000000E+00
   0.100000E+01   0.100000E+01   0.000000E+00   0.000000E+00   0.000000E+00   0.000000E+00   0.000000E+00
 VARIABLES = "Z","U","V","W","T","Q","VP"
 ZONE K =          22 ,F=POINT
   0.000000E+00   0.000000E+00   0.000000E+00   0.000000E+00   0.000000E+00   0.000000E+00   0.000000E+00
   0.250000E-01  -0.128180E-02   0.421664E-10   0.205027E-05   0.000000E+00   0.000000E+00   0.000000E+00
   0.750000E-01  -0.134115E-02  -0.197819E-10   0.292436E-04   0.000000E+00   0.000000E+00   0.000000E+00
   0.125000E+00  -0.143867E-02   0.114907E-09   0.346556E-04   0.000000E+00   0.000000E+00   0.000000E+00
   0.175000E+00  -0.148788E-02  -0.225972E-09   0.636121E-04   0.000000E+00   0.000000E+00   0.000000E+00
   0.225000E+00  -0.168192E-02   0.154109E-09   0.697100E-04   0.000000E+00   0.000000E+00   0.000000E+00
   0.275000E+00  -0.177418E-02  -0.504958E-09   0.101781E-03   0.000000E+00   0.000000E+00   0.000000E+00
   0.325000E+00  -0.208023E-02   0.210494E-09   0.109019E-03   0.000000E+00   0.000000E+00   0.000000E+00
   0.375000E+00  -0.222088E-02  -0.862207E-09   0.144847E-03   0.000000E+00   0.000000E+00   0.000000E+00
   0.425000E+00  -0.265863E-02   0.337900E-09   0.153353E-03   0.000000E+00   0.000000E+00   0.000000E+00
   0.475000E+00  -0.285340E-02  -0.127427E-08   0.191828E-03   0.000000E+00   0.000000E+00   0.000000E+00
   0.525000E+00  -0.344161E-02   0.610670E-09   0.200963E-03   0.000000E+00   0.000000E+00   0.000000E+00
   0.575000E+00  -0.369247E-02  -0.163602E-08   0.237272E-03   0.000000E+00   0.000000E+00   0.000000E+00
   0.625000E+00  -0.443516E-02   0.111251E-08   0.244881E-03   0.000000E+00   0.000000E+00   0.000000E+00
   0.675000E+00  -0.473184E-02  -0.170406E-08   0.267635E-03   0.000000E+00   0.000000E+00   0.000000E+00
   0.725000E+00  -0.559043E-02   0.186085E-08   0.269234E-03   0.000000E+00   0.000000E+00   0.000000E+00
   0.775000E+00  -0.589594E-02  -0.110973E-08   0.258337E-03   0.000000E+00   0.000000E+00   0.000000E+00
   0.825000E+00  -0.674542E-02   0.263610E-08   0.247533E-03   0.000000E+00   0.000000E+00   0.000000E+00
   0.875000E+00  -0.696231E-02   0.390617E-09   0.179146E-03   0.000000E+00   0.000000E+00   0.000000E+00
   0.925000E+00  -0.613943E-02   0.282686E-08   0.152193E-03   0.000000E+00   0.000000E+00   0.000000E+00
   0.975000E+00   0.664722E-01   0.221962E-08   0.177242E-04   0.000000E+00   0.000000E+00   0.000000E+00
   0.100000E+01   0.100000E+01   0.000000E+00   0.000000E+00   0.000000E+00   0.000000E+00   0.000000E+00
 VARIABLES = "Z","U","V","W","T","Q","VP"
 ZONE K =          22 ,F=POINT
   0.000000E+00   0.000000E+00   0.000000E+00   0.000000E+00   0.000000E+00   0.000000E+00   0.000000E+00
   0.250000E-01  -0.138912E-02   0.820766E-11   0.164918E-05   0.000000E+00   0.000000E+00   0.000000E+00
   0.750000E-01  -0.145830E-02  -0.740515E-10   0.323125E-04   0.000000E+00   0.000000E+00   0.000000E+00
   0.125000E+00  -0.156450E-02   0.103219E-09   0.371575E-04   0.000000E+00   0.000000E+00   0.000000E+00
   0.175000E+00  -0.161776E-02  -0.344781E-09   0.697359E-04   0.000000E+00   0.000000E+00   0.000000E+00
   0.225000E+00  -0.182905E-02   0.158237E-09   0.753543E-04   0.000000E+00   0.000000E+00   0.000000E+00
   0.275000E+00  -0.192896E-02  -0.711360E-09   0.111305E-03   0.000000E+00   0.000000E+00   0.000000E+00
   0.325000E+00  -0.226232E-02   0.243159E-09   0.118227E-03   0.000000E+00   0.000000E+00   0.000000E+00
   0.375000E+00  -0.241469E-02  -0.117791E-08   0.158226E-03   0.000000E+00   0.000000E+00   0.000000E+00
   0.425000E+00  -0.289153E-02   0.437038E-09   0.166658E-03   0.000000E+00   0.000000E+00   0.000000E+00
   0.475000E+00  -0.310262E-02  -0.170581E-08   0.209438E-03   0.000000E+00   0.000000E+00   0.000000E+00
   0.525000E+00  -0.374331E-02   0.850779E-09   0.218802E-03   0.000000E+00   0.000000E+00   0.000000E+00
   0.575000E+00  -0.401532E-02  -0.214198E-08   0.259015E-03   0.000000E+00   0.000000E+00   0.000000E+00
   0.625000E+00  -0.482417E-02   0.161084E-08   0.267157E-03   0.000000E+00   0.000000E+00   0.000000E+00
   0.675000E+00  -0.514598E-02  -0.214409E-08   0.292194E-03   0.000000E+00   0.000000E+00   0.000000E+00
   0.725000E+00  -0.608087E-02   0.275036E-08   0.294493E-03   0.000000E+00   0.000000E+00   0.000000E+00
   0.775000E+00  -0.641232E-02  -0.120727E-08   0.282143E-03   0.000000E+00   0.000000E+00   0.000000E+00
   0.825000E+00  -0.733693E-02   0.396117E-08   0.271886E-03   0.000000E+00   0.000000E+00   0.000000E+00
   0.875000E+00  -0.756842E-02   0.975706E-09   0.195786E-03   0.000000E+00   0.000000E+00   0.000000E+00
   0.925000E+00  -0.653966E-02   0.435869E-08   0.168807E-03   0.000000E+00   0.000000E+00   0.000000E+00
   0.975000E+00   0.721500E-01   0.351966E-08   0.185367E-04   0.000000E+00   0.000000E+00   0.000000E+00
   0.100000E+01   0.100000E+01   0.000000E+00   0.000000E+00   0.000000E+00   0.000000E+00   0.000000E+00
 VARIABLES = "Z","U","V","W","T","Q","VP"
 ZONE K =          22 ,F=POINT
   0.000000E+00   0.000000E+00   0.000000E+00   0.000000E+00   0.000000E+00   0.000000E+00   0.000000E+00
   0.250000E-01  -0.149500E-02  -0.387468E-10   0.111656E-05   0.000000E+00   0.000000E+00   0.000000E+00
   0.750000E-01  -0.157469E-02  -0.145997E-09   0.354885E-04   0.000000E+00   0.000000E+00   0.000000E+00
   0.125000E+00  -0.168953E-02   0.835993E-10   0.395217E-04   0.000000E+00   0.000000E+00   0.000000E+00
   0.175000E+00  -0.174682E-02  -0.495046E-09   0.759593E-04   0.000000E+00   0.000000E+00   0.000000E+00
   0.225000E+00  -0.197524E-02   0.159109E-09   0.808605E-04   0.000000E+00   0.000000E+00   0.000000E+00
   0.275000E+00  -0.208274E-02  -0.967865E-09   0.120923E-03   0.000000E+00   0.000000E+00   0.000000E+00
   0.325000E+00  -0.244324E-02   0.281400E-09   0.127307E-03   0.000000E+00   0.000000E+00   0.000000E+00
   0.375000E+00  -0.260727E-02  -0.156622E-08   0.171694E-03   0.000000E+00   0.000000E+00   0.000000E+00
   0.425000E+00  -0.312296E-02   0.561810E-09   0.179863E-03   0.000000E+00   0.000000E+00   0.000000E+00
   0.475000E+00  -0.335028E-02  -0.223122E-08   0.227142E-03   0.000000E+00   0.000000E+00   0.000000E+00
   0.525000E+00  -0.404315E-02   0.115847E-08   0.236607E-03   0.000000E+00   0.000000E+00   0.000000E+00
   0.575000E+00  -0.433619E-02  -0.274802E-08   0.280865E-03   0.000000E+00   0.000000E+00   0.000000E+00
   0.625000E+00  -0.521084E-02   0.225348E-08   0.289516E-03   0.000000E+00   0.000000E+00   0.000000E+00
   0.675000E+00  -0.555763E-02  -0.264909E-08   0.316888E-03   0.000000E+00   0.000000E+00   0.000000E+00
   0.725000E+00  -0.656839E-02   0.390185E-08   0.320025E-03   0.000000E+00   0.000000E+00   0.000000E+00
   0.775000E+00  -0.692563E-02  -0.126017E-08   0.306118E-03   0.000000E+00   0.000000E+00   0.000000E+00
   0.825000E+00  -0.792487E-02   0.568442E-08   0.296761E-03   0.000000E+00   0.000000E+00   0.000000E+00
   0.875000E+00  -0.816994E-02   0.179892E-08   0.212602E-03   0.000000E+00   0.000000E+00   0.000000E+00
   0.925000E+00  -0.691536E-02   0.636713E-08   0.186133E-03   0.000000E+00   0.000000E+00   0.000000E+00
   0.975000E+00   0.777702E-01   0.523267E-08   0.192101E-04   0.000000E+00   0.000000E+00   0.000000E+00
   0.100000E+01   0.100000E+01   0.000000E+00   0.000000E+00   0.000000E+00   0.000000E+00   0.000000E+00
 VARIABLES = "Z","U","V","W","T","Q","VP"
 ZONE K =          22 ,F=POINT
   0.000000E+00   0.000000E+00   0.000000E+00   0.000000E+00   0.000000E+00   0.000000E+00   0.000000E+00
   0.250000E-01  -0.159946E-02  -0.100629E-09   0.445751E-06   0.000000E+00   0.000000E+00   0.000000E+00
   0.750000E-01  -0.169032E-02  -0.238138E-09   0.387792E-04   0.000000E+00   0.000000E+00   0.000000E+00
   0.125000E+00  -0.181376E-02   0.547147E-10   0.417422E-04   0.000000E+00   0.000000E+00   0.000000E+00
   0.175000E+00  -0.187505E-02  -0.680854E-09   0.822900E-04   0.000000E+00   0.000000E+00   0.000000E+00
   0.225000E+00  -0.212049E-02   0.156074E-09   0.862234E-04   0.000000E+00   0.000000E+00   0.000000E+00
   0.275000E+00  -0.223555E-02  -0.128067E-08   0.130641E-03   0.000000E+00   0.000000E+00   0.000000E+00
   0.325000E+00  -0.262301E-02   0.325872E-09   0.136256E-03   0.000000E+00   0.000000E+00   0.000000E+00
   0.375000E+00  -0.279863E-02  -0.203576E-08   0.185261E-03   0.000000E+00   0.000000E+00   0.000000E+00
   0.425000E+00  -0.335294E-02   0.715835E-09   0.192969E-03   0.000000E+00   0.000000E+00   0.000000E+00
   0.475000E+00  -0.359641E-02  -0.286094E-08   0.244948E-03   0.000000E+00   0.000000E+00   0.000000E+00
   0.525000E+00  -0.434116E-02   0.154361E-08   0.254381E-03   0.000000E+00   0.000000E+00   0.000000E+00
   0.575000E+00  -0.465511E-02  -0.346370E-08   0.302835E-03   0.000000E+00   0.000000E+00   0.000000E+00
   0.625000E+00  -0.559517E-02   0.306191E-08   0.311972E-03   0.000000E+00   0.000000E+00   0.000000E+00
   0.675000E+00  -0.596681E-02  -0.322131E-08   0.341732E-03   0.000000E+00   0.000000E+00   0.000000E+00
   0.725000E+00  -0.705300E-02   0.535502E-08   0.345857E-03   0.000000E+00   0.000000E+00   0.000000E+00
   0.775000E+00  -0.743588E-02  -0.125260E-08   0.330281E-03   0.000000E+00   0.000000E+00   0.000000E+00
   0.825000E+00  -0.850928E-02   0.786743E-08   0.322198E-03   0.000000E+00   0.000000E+00   0.000000E+00
   0.875000E+00  -0.876682E-02   0.290494E-08   0.229618E-03   0.000000E+00   0.000000E+00   0.000000E+00
   0.925000E+00  -0.726694E-02   0.892790E-08   0.204216E-03   0.000000E+00   0.000000E+00   0.000000E+00
   0.975000E+00   0.833334E-01   0.742319E-08   0.197418E-04   0.000000E+00   0.000000E+00   0.000000E+00
   0.100000E+01   0.100000E+01   0.000000E+00   0.000000E+00   0.000000E+00   0.000000E+00   0.000000E+00
 VARIABLES = "Z","U","V","W","T","Q","VP"
 ZONE K =          22 ,F=POINT
   0.000000E+00   0.000000E+00   0.000000E+00   0.000000E+00   0.000000E+00   0.000000E+00   0.000000E+00
   0.250000E-01  -0.170252E-02  -0.179460E-09  -0.369359E-06   0.000000E+00   0.000000E+00   0.000000E+00
   0.750000E-01  -0.180520E-02  -0.353090E-09   0.421914E-04   0.000000E+00   0.000000E+00   0.000000E+00
   0.125000E+00  -0.193721E-02   0.151269E-10   0.438134E-04   0.000000E+00   0.000000E+00   0.000000E+00
   0.175000E+00  -0.200247E-02  -0.906399E-09   0.887352E-04   0.000000E+00   0.000000E+00   0.000000E+00
   0.225000E+00  -0.226481E-02   0.148367E-09   0.914384E-04   0.000000E+00   0.000000E+00   0.000000E+00
   0.275000E+00  -0.238738E-02  -0.165610E-08   0.140468E-03   0.000000E+00   0.000000E+00   0.000000E+00
   0.325000E+00  -0.280164E-02   0.377115E-09   0.145069E-03   0.000000E+00   0.000000E+00   0.000000E+00
   0.375000E+00  -0.298879E-02  -0.259528E-08   0.198934E-03   0.000000E+00   0.000000E+00   0.000000E+00
   0.425000E+00  -0.358148E-02   0.902647E-09   0.205975E-03   0.000000E+00   0.000000E+00   0.000000E+00
   0.475000E+00  -0.384102E-02  -0.360551E-08   0.262867E-03   0.000000E+00   0.000000E+00   0.000000E+00
   0.525000E+00  -0.463733E-02   0.201610E-08   0.272129E-03   0.000000E+00   0.000000E+00   0.000000E+00
   0.575000E+00  -0.497209E-02  -0.429849E-08   0.324937E-03   0.000000E+00   0.000000E+00   0.000000E+00
   0.625000E+00  -0.597719E-02   0.405797E-08   0.334536E-03   0.000000E+00   0.000000E+00   0.000000E+00
   0.675000E+00  -0.637354E-02  -0.386246E-08   0.366743E-03   0.000000E+00   0.000000E+00   0.000000E+00
   0.725000E+00  -0.753473E-02   0.715046E-08   0.372011E-03   0.000000E+00   0.000000E+00   0.000000E+00
   0.775000E+00  -0.794310E-02  -0.116754E-08   0.354652E-03   0.000000E+00   0.000000E+00   0.000000E+00
   0.825000E+00  -0.909017E-02   0.105735E-07   0.348235E-03   0.000000E+00   0.000000E+00   0.000000E+00
   0.875000E+00  -0.935902E-02   0.434047E-08   0.246853E-03   0.000000E+00   0.000000E+00   0.000000E+00
   0.925000E+00  -0.759477E-02   0.121190E-07   0.223100E-03   0.000000E+00   0.000000E+00   0.000000E+00
   0.975000E+00   0.888401E-01   0.101571E-07   0.201302E-04   0.000000E+00   0.000000E+00   0.000000E+00
   0.100000E+01   0.100000E+01   0.000000E+00   0.000000E+00   0.000000E+00   0.000000E+00   0.000000E+00
 VARIABLES = "Z","U","V","W","T","Q","VP"
 ZONE K =          22 ,F=POINT
   0.000000E+00   0.000000E+00   0.000000E+00   0.000000E+00   0.000000E+00   0.000000E+00   0.000000E+00
   0.250000E-01  -0.180419E-02  -0.277338E-09  -0.133433E-05   0.000000E+00   0.000000E+00   0.000000E+00
   0.750000E-01  -0.191934E-02  -0.493554E-09   0.457312E-04   0.000000E+00   0.000000E+00   0.000000E+00
   0.125000E+00  -0.205987E-02  -0.367045E-10   0.457301E-04   0.000000E+00   0.000000E+00   0.000000E+00
   0.175000E+00  -0.212909E-02  -0.117596E-08   0.953016E-04   0.000000E+00   0.000000E+00   0.000000E+00
   0.225000E+00  -0.240821E-02   0.135104E-09   0.965014E-04   0.000000E+00   0.000000E+00   0.000000E+00
   0.275000E+00  -0.253825E-02  -0.210056E-08   0.150411E-03   0.000000E+00   0.000000E+00   0.000000E+00
   0.325000E+00  -0.297914E-02   0.435532E-09   0.153745E-03   0.000000E+00   0.000000E+00   0.000000E+00
   0.375000E+00  -0.317775E-02  -0.325359E-08   0.212721E-03   0.000000E+00   0.000000E+00   0.000000E+00
   0.425000E+00  -0.380860E-02   0.112565E-08   0.218882E-03   0.000000E+00   0.000000E+00   0.000000E+00
   0.475000E+00  -0.408411E-02  -0.447547E-08   0.280907E-03   0.000000E+00   0.000000E+00   0.000000E+00
   0.525000E+00  -0.493170E-02   0.258581E-08   0.289857E-03   0.000000E+00   0.000000E+00   0.000000E+00
   0.575000E+00  -0.528716E-02  -0.526171E-08   0.347181E-03   0.000000E+00   0.000000E+00   0.000000E+00
   0.625000E+00  -0.635691E-02   0.526364E-08   0.357222E-03   0.000000E+00   0.000000E+00   0.000000E+00
   0.675000E+00  -0.677785E-02  -0.457376E-08   0.391935E-03   0.000000E+00   0.000000E+00   0.000000E+00
   0.725000E+00  -0.801359E-02   0.932937E-08   0.398510E-03   0.000000E+00   0.000000E+00   0.000000E+00
   0.775000E+00  -0.844731E-02  -0.986862E-09   0.379249E-03   0.000000E+00   0.000000E+00   0.000000E+00
   0.825000E+00  -0.966756E-02   0.138672E-07   0.374906E-03   0.000000E+00   0.000000E+00   0.000000E+00
   0.875000E+00  -0.994652E-02   0.615393E-08   0.264329E-03   0.000000E+00   0.000000E+00   0.000000E+00
   0.925000E+00  -0.789926E-02   0.160204E-07   0.242827E-03   0.000000E+00   0.000000E+00   0.000000E+00
   0.975000E+00   0.942910E-01   0.135010E-07   0.203737E-04   0.000000E+00   0.000000E+00   0.000000E+00
   0.100000E+01   0.100000E+01   0.000000E+00   0.000000E+00   0.000000E+00   0.000000E+00   0.000000E+00
 VARIABLES = "Z","U","V","W","T","Q","VP"
 ZONE K =          22 ,F=POINT
   0.000000E+00   0.000000E+00   0.000000E+00   0.000000E+00   0.000000E+00   0.000000E+00   0.000000E+00
   0.250000E-01  -0.190451E-02  -0.396433E-09  -0.245423E-05   0.000000E+00   0.000000E+00   0.000000E+00
   0.750000E-01  -0.203274E-02  -0.662306E-09   0.494045E-04   0.000000E+00   0.000000E+00   0.000000E+00
   0.125000E+00  -0.218176E-02  -0.102420E-09   0.474877E-04   0.000000E+00   0.000000E+00   0.000000E+00
   0.175000E+00  -0.225491E-02  -0.149389E-08   0.101995E-03   0.000000E+00   0.000000E+00   0.000000E+00
   0.225000E+00  -0.255070E-02   0.115277E-09   0.101409E-03   0.000000E+00   0.000000E+00   0.000000E+00
   0.275000E+00  -0.268816E-02  -0.262054E-08   0.160476E-03   0.000000E+00   0.000000E+00   0.000000E+00
   0.325000E+00  -0.315552E-02   0.501372E-09   0.162282E-03   0.000000E+00   0.000000E+00   0.000000E+00
   0.375000E+00  -0.336553E-02  -0.401959E-08   0.226631E-03   0.000000E+00   0.000000E+00   0.000000E+00
   0.425000E+00  -0.403431E-02   0.138807E-08   0.231689E-03   0.000000E+00   0.000000E+00   0.000000E+00
   0.475000E+00  -0.432571E-02  -0.548136E-08   0.299078E-03   0.000000E+00   0.000000E+00   0.000000E+00
   0.525000E+00  -0.522428E-02   0.326245E-08   0.307568E-03   0.000000E+00   0.000000E+00   0.000000E+00
   0.575000E+00  -0.560032E-02  -0.636250E-08   0.369578E-03   0.000000E+00   0.000000E+00   0.000000E+00
   0.625000E+00  -0.673436E-02   0.670093E-08   0.380040E-03   0.000000E+00   0.000000E+00   0.000000E+00
   0.675000E+00  -0.717975E-02  -0.535591E-08   0.417320E-03   0.000000E+00   0.000000E+00   0.000000E+00
   0.725000E+00  -0.848960E-02   0.119333E-07   0.425377E-03   0.000000E+00   0.000000E+00   0.000000E+00
   0.775000E+00  -0.894854E-02  -0.691455E-09   0.404089E-03   0.000000E+00   0.000000E+00   0.000000E+00
   0.825000E+00  -0.102415E-01   0.178139E-07   0.402246E-03   0.000000E+00   0.000000E+00   0.000000E+00
   0.875000E+00  -0.105293E-01   0.839520E-08   0.282067E-03   0.000000E+00   0.000000E+00   0.000000E+00
   0.925000E+00  -0.818077E-02   0.207130E-07   0.263434E-03   0.000000E+00   0.000000E+00   0.000000E+00
   0.975000E+00   0.996868E-01   0.175220E-07   0.204713E-04   0.000000E+00   0.000000E+00   0.000000E+00
   0.100000E+01   0.100000E+01   0.000000E+00   0.000000E+00   0.000000E+00   0.000000E+00   0.000000E+00
 VARIABLES = "Z","U","V","W","T","Q","VP"
 ZONE K =          22 ,F=POINT
   0.000000E+00   0.000000E+00   0.000000E+00   0.000000E+00   0.000000E+00   0.000000E+00   0.000000E+00
   0.250000E-01  -0.200347E-02  -0.538975E-09  -0.373362E-05   0.000000E+00   0.000000E+00   0.000000E+00
   0.750000E-01  -0.214540E-02  -0.862183E-09   0.532164E-04   0.000000E+00   0.000000E+00   0.000000E+00
   0.125000E+00  -0.230289E-02  -0.183758E-09   0.490822E-04   0.000000E+00   0.000000E+00   0.000000E+00
   0.175000E+00  -0.237994E-02  -0.186458E-08   0.108822E-03   0.000000E+00   0.000000E+00   0.000000E+00
   0.225000E+00  -0.269228E-02   0.877510E-10   0.106156E-03   0.000000E+00   0.000000E+00   0.000000E+00
   0.275000E+00  -0.283713E-02  -0.322255E-08   0.170669E-03   0.000000E+00   0.000000E+00   0.000000E+00
   0.325000E+00  -0.333078E-02   0.574719E-09   0.170677E-03   0.000000E+00   0.000000E+00   0.000000E+00
   0.375000E+00  -0.355214E-02  -0.490216E-08   0.240668E-03   0.000000E+00   0.000000E+00   0.000000E+00
   0.425000E+00  -0.425862E-02   0.169295E-08   0.244398E-03   0.000000E+00   0.000000E+00   0.000000E+00
   0.475000E+00  -0.456584E-02  -0.663365E-08   0.317387E-03   0.000000E+00   0.000000E+00   0.000000E+00
   0.525000E+00  -0.551507E-02   0.405552E-08   0.325267E-03   0.000000E+00   0.000000E+00   0.000000E+00
   0.575000E+00  -0.591160E-02  -0.760976E-08   0.392138E-03   0.000000E+00   0.000000E+00   0.000000E+00
   0.625000E+00  -0.710955E-02   0.839170E-08   0.403002E-03   0.000000E+00   0.000000E+00   0.000000E+00
   0.675000E+00  -0.757927E-02  -0.620910E-08   0.442913E-03   0.000000E+00   0.000000E+00   0.000000E+00
   0.725000E+00  -0.896279E-02   0.150040E-07   0.452632E-03   0.000000E+00   0.000000E+00   0.000000E+00
   0.775000E+00  -0.944681E-02  -0.261337E-09   0.429190E-03   0.000000E+00   0.000000E+00   0.000000E+00
   0.825000E+00  -0.108119E-01   0.224796E-07   0.430287E-03   0.000000E+00   0.000000E+00   0.000000E+00
   0.875000E+00  -0.111073E-01   0.111153E-07   0.300085E-03   0.000000E+00   0.000000E+00   0.000000E+00
   0.925000E+00  -0.843969E-02   0.262788E-07   0.284957E-03   0.000000E+00   0.000000E+00   0.000000E+00
   0.975000E+00   0.105028E+00   0.222869E-07   0.204227E-04   0.000000E+00   0.000000E+00   0.000000E+00
   0.100000E+01   0.100000E+01   0.000000E+00   0.000000E+00   0.000000E+00   0.000000E+00   0.000000E+00
 VARIABLES = "Z","U","V","W","T","Q","VP"
 ZONE K =          22 ,F=POINT
   0.000000E+00   0.000000E+00   0.000000E+00   0.000000E+00   0.000000E+00   0.000000E+00   0.000000E+00
   0.250000E-01  -0.210112E-02  -0.707252E-09  -0.517661E-05   0.000000E+00   0.000000E+00   0.000000E+00
   0.750000E-01  -0.225734E-02  -0.109608E-08   0.571715E-04   0.000000E+00   0.000000E+00   0.000000E+00
   0.125000E+00  -0.242326E-02  -0.282550E-09   0.505096E-04   0.000000E+00   0.000000E+00   0.000000E+00
   0.175000E+00  -0.250420E-02  -0.229248E-08   0.115786E-03   0.000000E+00   0.000000E+00   0.000000E+00
   0.225000E+00  -0.283297E-02   0.512608E-10   0.110742E-03   0.000000E+00   0.000000E+00   0.000000E+00
   0.275000E+00  -0.298517E-02  -0.391315E-08   0.180996E-03   0.000000E+00   0.000000E+00   0.000000E+00
   0.325000E+00  -0.350495E-02   0.655478E-09   0.178928E-03   0.000000E+00   0.000000E+00   0.000000E+00
   0.375000E+00  -0.373760E-02  -0.591017E-08   0.254840E-03   0.000000E+00   0.000000E+00   0.000000E+00
   0.425000E+00  -0.448154E-02   0.204307E-08   0.257009E-03   0.000000E+00   0.000000E+00   0.000000E+00
   0.475000E+00  -0.480449E-02  -0.794274E-08   0.335841E-03   0.000000E+00   0.000000E+00   0.000000E+00
   0.525000E+00  -0.580410E-02   0.497427E-08   0.342959E-03   0.000000E+00   0.000000E+00   0.000000E+00
   0.575000E+00  -0.622101E-02  -0.901219E-08   0.414871E-03   0.000000E+00   0.000000E+00   0.000000E+00
   0.625000E+00  -0.748249E-02   0.103576E-07   0.426118E-03   0.000000E+00   0.000000E+00   0.000000E+00
   0.675000E+00  -0.797642E-02  -0.713307E-08   0.468726E-03   0.000000E+00   0.000000E+00   0.000000E+00
   0.725000E+00  -0.943318E-02   0.185830E-07   0.480294E-03   0.000000E+00   0.000000E+00   0.000000E+00
   0.775000E+00  -0.994214E-02   0.324247E-09   0.454569E-03   0.000000E+00   0.000000E+00   0.000000E+00
   0.825000E+00  -0.113790E-01   0.279305E-07   0.459059E-03   0.000000E+00   0.000000E+00   0.000000E+00
   0.875000E+00  -0.116805E-01   0.143663E-07   0.318404E-03   0.000000E+00   0.000000E+00   0.000000E+00
   0.925000E+00  -0.867639E-02   0.328003E-07   0.307430E-03   0.000000E+00   0.000000E+00   0.000000E+00
   0.975000E+00   0.110315E+00   0.278622E-07   0.202274E-04   0.000000E+00   0.000000E+00   0.000000E+00
   0.100000E+01   0.100000E+01   0.000000E+00   0.000000E+00   0.000000E+00   0.000000E+00   0.000000E+00
 VARIABLES = "Z","U","V","W","T","Q","VP"
 ZONE K =          22 ,F=POINT
   0.000000E+00   0.000000E+00   0.000000E+00   0.000000E+00   0.000000E+00   0.000000E+00   0.000000E+00
   0.250000E-01  -0.219745E-02  -0.903598E-09  -0.678686E-05   0.000000E+00   0.000000E+00   0.000000E+00
   0.750000E-01  -0.236854E-02  -0.136694E-08   0.612742E-04   0.000000E+00   0.000000E+00   0.000000E+00
   0.125000E+00  -0.254289E-02  -0.400718E-09   0.517668E-04   0.000000E+00   0.000000E+00   0.000000E+00
   0.175000E+00  -0.262769E-02  -0.278204E-08   0.122892E-03   0.000000E+00   0.000000E+00   0.000000E+00
   0.225000E+00  -0.297278E-02   0.441015E-11   0.115163E-03   0.000000E+00   0.000000E+00   0.000000E+00
   0.275000E+00  -0.313229E-02  -0.469886E-08   0.191461E-03   0.000000E+00   0.000000E+00   0.000000E+00
   0.325000E+00  -0.367802E-02   0.743367E-09   0.187035E-03   0.000000E+00   0.000000E+00   0.000000E+00
   0.375000E+00  -0.392190E-02  -0.705247E-08   0.269152E-03   0.000000E+00   0.000000E+00   0.000000E+00
   0.425000E+00  -0.470308E-02   0.244097E-08   0.269522E-03   0.000000E+00   0.000000E+00   0.000000E+00
   0.475000E+00  -0.504170E-02  -0.941889E-08   0.354446E-03   0.000000E+00   0.000000E+00   0.000000E+00
   0.525000E+00  -0.609137E-02   0.602759E-08   0.360647E-03   0.000000E+00   0.000000E+00   0.000000E+00
   0.575000E+00  -0.652857E-02  -0.105782E-07   0.437784E-03   0.000000E+00   0.000000E+00   0.000000E+00
   0.625000E+00  -0.785322E-02   0.126199E-07   0.449397E-03   0.000000E+00   0.000000E+00   0.000000E+00
   0.675000E+00  -0.837123E-02  -0.812707E-08   0.494770E-03   0.000000E+00   0.000000E+00   0.000000E+00
   0.725000E+00  -0.990079E-02   0.227115E-07   0.508381E-03   0.000000E+00   0.000000E+00   0.000000E+00
   0.775000E+00  -0.104346E-01   0.108673E-08   0.480242E-03   0.000000E+00   0.000000E+00   0.000000E+00
   0.825000E+00  -0.119426E-01   0.342325E-07   0.488590E-03   0.000000E+00   0.000000E+00   0.000000E+00
   0.875000E+00  -0.122488E-01   0.182008E-07   0.337043E-03   0.000000E+00   0.000000E+00   0.000000E+00
   0.925000E+00  -0.889124E-02   0.403597E-07   0.330884E-03   0.000000E+00   0.000000E+00   0.000000E+00
   0.975000E+00   0.115549E+00   0.343134E-07   0.198858E-04   0.000000E+00   0.000000E+00   0.000000E+00
   0.100000E+01   0.100000E+01   0.000000E+00   0.000000E+00   0.000000E+00   0.000000E+00   0.000000E+00
 VARIABLES = "Z","U","V","W","T","Q","VP"
 ZONE K =          22 ,F=POINT
   0.000000E+00   0.000000E+00   0.000000E+00   0.000000E+00   0.000000E+00   0.000000E+00   0.000000E+00
   0.250000E-01  -0.229249E-02  -0.113039E-08  -0.856759E-05   0.000000E+00   0.000000E+00   0.000000E+00
   0.750000E-01  -0.247903E-02  -0.167774E-08   0.655280E-04   0.000000E+00   0.000000E+00   0.000000E+00
   0.125000E+00  -0.266176E-02  -0.540276E-09   0.528508E-04   0.000000E+00   0.000000E+00   0.000000E+00
   0.175000E+00  -0.275041E-02  -0.333775E-08   0.130144E-03   0.000000E+00   0.000000E+00   0.000000E+00
   0.225000E+00  -0.311170E-02  -0.543296E-10   0.119417E-03   0.000000E+00   0.000000E+00   0.000000E+00
   0.275000E+00  -0.327849E-02  -0.558620E-08   0.202068E-03   0.000000E+00   0.000000E+00   0.000000E+00
   0.325000E+00  -0.385001E-02   0.837904E-09   0.194995E-03   0.000000E+00   0.000000E+00   0.000000E+00
   0.375000E+00  -0.410507E-02  -0.833781E-08   0.283608E-03   0.000000E+00   0.000000E+00   0.000000E+00
   0.425000E+00  -0.492327E-02   0.288890E-08   0.281938E-03   0.000000E+00   0.000000E+00   0.000000E+00
   0.475000E+00  -0.527746E-02  -0.110722E-07   0.373209E-03   0.000000E+00   0.000000E+00   0.000000E+00
   0.525000E+00  -0.637691E-02   0.722399E-08   0.378336E-03   0.000000E+00   0.000000E+00   0.000000E+00
   0.575000E+00  -0.683430E-02  -0.123159E-07   0.460887E-03   0.000000E+00   0.000000E+00   0.000000E+00
   0.625000E+00  -0.822173E-02   0.151993E-07   0.472850E-03   0.000000E+00   0.000000E+00   0.000000E+00
   0.675000E+00  -0.876371E-02  -0.918992E-08   0.521057E-03   0.000000E+00   0.000000E+00   0.000000E+00
   0.725000E+00  -0.103656E-01   0.274303E-07   0.536911E-03   0.000000E+00   0.000000E+00   0.000000E+00
   0.775000E+00  -0.109241E-01   0.204813E-08   0.506225E-03   0.000000E+00   0.000000E+00   0.000000E+00
   0.825000E+00  -0.125028E-01   0.414515E-07   0.518906E-03   0.000000E+00   0.000000E+00   0.000000E+00
   0.875000E+00  -0.128124E-01   0.226720E-07   0.356022E-03   0.000000E+00   0.000000E+00   0.000000E+00
   0.925000E+00  -0.908461E-02   0.490394E-07   0.355349E-03   0.000000E+00   0.000000E+00   0.000000E+00
   0.975000E+00   0.120731E+00   0.417049E-07   0.193983E-04   0.000000E+00   0.000000E+00   0.000000E+00
   0.100000E+01   0.100000E+01   0.000000E+00   0.000000E+00   0.000000E+00   0.000000E+00   0.000000E+00
 VARIABLES = "Z","U","V","W","T","Q","VP"
 ZONE K =          22 ,F=POINT
   0.000000E+00   0.000000E+00   0.000000E+00   0.000000E+00   0.000000E+00   0.000000E+00   0.000000E+00
   0.250000E-01  -0.238627E-02  -0.139004E-08  -0.105216E-04   0.000000E+00   0.000000E+00   0.000000E+00
   0.750000E-01  -0.258881E-02  -0.203148E-08   0.699364E-04   0.000000E+00   0.000000E+00   0.000000E+00
   0.125000E+00  -0.277990E-02  -0.703318E-09   0.537590E-04   0.000000E+00   0.000000E+00   0.000000E+00
   0.175000E+00  -0.287238E-02  -0.396407E-08   0.137546E-03   0.000000E+00   0.000000E+00   0.000000E+00
   0.225000E+00  -0.324976E-02  -0.126620E-09   0.123501E-03   0.000000E+00   0.000000E+00   0.000000E+00
   0.275000E+00  -0.342378E-02  -0.658166E-08   0.212823E-03   0.000000E+00   0.000000E+00   0.000000E+00
   0.325000E+00  -0.402093E-02   0.938406E-09   0.202809E-03   0.000000E+00   0.000000E+00   0.000000E+00
   0.375000E+00  -0.428712E-02  -0.977487E-08   0.298214E-03   0.000000E+00   0.000000E+00   0.000000E+00
   0.425000E+00  -0.514210E-02   0.338881E-08   0.294258E-03   0.000000E+00   0.000000E+00   0.000000E+00
   0.475000E+00  -0.551180E-02  -0.129127E-07   0.392136E-03   0.000000E+00   0.000000E+00   0.000000E+00
   0.525000E+00  -0.666073E-02   0.857158E-08   0.396029E-03   0.000000E+00   0.000000E+00   0.000000E+00
   0.575000E+00  -0.713821E-02  -0.142332E-07   0.484186E-03   0.000000E+00   0.000000E+00   0.000000E+00
   0.625000E+00  -0.858806E-02   0.181162E-07   0.496485E-03   0.000000E+00   0.000000E+00   0.000000E+00
   0.675000E+00  -0.915389E-02  -0.103200E-07   0.547597E-03   0.000000E+00   0.000000E+00   0.000000E+00
   0.725000E+00  -0.108277E-01   0.327796E-07   0.565900E-03   0.000000E+00   0.000000E+00   0.000000E+00
   0.775000E+00  -0.114107E-01   0.323097E-08   0.532531E-03   0.000000E+00   0.000000E+00   0.000000E+00
   0.825000E+00  -0.130596E-01   0.496524E-07   0.550034E-03   0.000000E+00   0.000000E+00   0.000000E+00
   0.875000E+00  -0.133710E-01   0.278334E-07   0.375358E-03   0.000000E+00   0.000000E+00   0.000000E+00
   0.925000E+00  -0.925684E-02   0.589208E-07   0.380850E-03   0.000000E+00   0.000000E+00   0.000000E+00
   0.975000E+00   0.125860E+00   0.500995E-07   0.187659E-04   0.000000E+00   0.000000E+00   0.000000E+00
   0.100000E+01   0.100000E+01   0.000000E+00   0.000000E+00   0.000000E+00   0.000000E+00   0.000000E+00
 VARIABLES = "Z","U","V","W","T","Q","VP"
 ZONE K =          22 ,F=POINT
   0.000000E+00   0.000000E+00   0.000000E+00   0.000000E+00   0.000000E+00   0.000000E+00   0.000000E+00
   0.250000E-01  -0.247878E-02  -0.168499E-08  -0.126514E-04   0.000000E+00   0.000000E+00   0.000000E+00
   0.750000E-01  -0.269787E-02  -0.243120E-08   0.745022E-04   0.000000E+00   0.000000E+00   0.000000E+00
   0.125000E+00  -0.289732E-02  -0.892023E-09   0.544892E-04   0.000000E+00   0.000000E+00   0.000000E+00
   0.175000E+00  -0.299360E-02  -0.466547E-08   0.145101E-03   0.000000E+00   0.000000E+00   0.000000E+00
   0.225000E+00  -0.338696E-02  -0.214255E-09   0.127415E-03   0.000000E+00   0.000000E+00   0.000000E+00
   0.275000E+00  -0.356818E-02  -0.769167E-08   0.223727E-03   0.000000E+00   0.000000E+00   0.000000E+00
   0.325000E+00  -0.419079E-02   0.104398E-08   0.210475E-03   0.000000E+00   0.000000E+00   0.000000E+00
   0.375000E+00  -0.446805E-02  -0.113722E-07   0.312972E-03   0.000000E+00   0.000000E+00   0.000000E+00
   0.425000E+00  -0.535959E-02   0.394232E-08   0.306483E-03   0.000000E+00   0.000000E+00   0.000000E+00
   0.475000E+00  -0.574474E-02  -0.149499E-07   0.411231E-03   0.000000E+00   0.000000E+00   0.000000E+00
   0.525000E+00  -0.694284E-02   0.100780E-07   0.413730E-03   0.000000E+00   0.000000E+00   0.000000E+00
   0.575000E+00  -0.744032E-02  -0.163376E-07   0.507688E-03   0.000000E+00   0.000000E+00   0.000000E+00
   0.625000E+00  -0.895221E-02   0.213900E-07   0.520311E-03   0.000000E+00   0.000000E+00   0.000000E+00
   0.675000E+00  -0.954179E-02  -0.115152E-07   0.574401E-03   0.000000E+00   0.000000E+00   0.000000E+00
   0.725000E+00  -0.112871E-01   0.387988E-07   0.595364E-03   0.000000E+00   0.000000E+00   0.000000E+00
   0.775000E+00  -0.118946E-01   0.465819E-08   0.559176E-03   0.000000E+00   0.000000E+00   0.000000E+00
   0.825000E+00  -0.136131E-01   0.588996E-07   0.581997E-03   0.000000E+00   0.000000E+00   0.000000E+00
   0.875000E+00  -0.139248E-01   0.337387E-07   0.395069E-03   0.000000E+00   0.000000E+00   0.000000E+00
   0.925000E+00  -0.940830E-02   0.700846E-07   0.407412E-03   0.000000E+00   0.000000E+00   0.000000E+00
   0.975000E+00   0.130937E+00   0.595584E-07   0.179897E-04   0.000000E+00   0.000000E+00   0.000000E+00
   0.100000E+01   0.100000E+01   0.000000E+00   0.000000E+00   0.000000E+00   0.000000E+00   0.000000E+00
 VARIABLES = "Z","U","V","W","T","Q","VP"
 ZONE K =          22 ,F=POINT
   0.000000E+00   0.000000E+00   0.000000E+00   0.000000E+00   0.000000E+00   0.000000E+00   0.000000E+00
   0.250000E-01  -0.257006E-02  -0.201769E-08  -0.149590E-04   0.000000E+00   0.000000E+00   0.000000E+00
   0.750000E-01  -0.280623E-02  -0.287996E-08   0.792279E-04   0.000000E+00   0.000000E+00   0.000000E+00
   0.125000E+00  -0.301401E-02  -0.110865E-08   0.550396E-04   0.000000E+00   0.000000E+00   0.000000E+00
   0.175000E+00  -0.311408E-02  -0.544639E-08   0.152811E-03   0.000000E+00   0.000000E+00   0.000000E+00
   0.225000E+00  -0.352330E-02  -0.319161E-09   0.131156E-03   0.000000E+00   0.000000E+00   0.000000E+00
   0.275000E+00  -0.371169E-02  -0.892259E-08   0.234784E-03   0.000000E+00   0.000000E+00   0.000000E+00
   0.325000E+00  -0.435960E-02   0.115352E-08   0.217992E-03   0.000000E+00   0.000000E+00   0.000000E+00
   0.375000E+00  -0.464788E-02  -0.131383E-07   0.327887E-03   0.000000E+00   0.000000E+00   0.000000E+00
   0.425000E+00  -0.557575E-02   0.455073E-08   0.318614E-03   0.000000E+00   0.000000E+00   0.000000E+00
   0.475000E+00  -0.597627E-02  -0.171936E-07   0.430499E-03   0.000000E+00   0.000000E+00   0.000000E+00
   0.525000E+00  -0.722325E-02   0.117503E-07   0.431443E-03   0.000000E+00   0.000000E+00   0.000000E+00
   0.575000E+00  -0.774065E-02  -0.186363E-07   0.531400E-03   0.000000E+00   0.000000E+00   0.000000E+00
   0.625000E+00  -0.931421E-02   0.250398E-07   0.544335E-03   0.000000E+00   0.000000E+00   0.000000E+00
   0.675000E+00  -0.992742E-02  -0.127731E-07   0.601478E-03   0.000000E+00   0.000000E+00   0.000000E+00
   0.725000E+00  -0.117438E-01   0.455264E-07   0.625316E-03   0.000000E+00   0.000000E+00   0.000000E+00
   0.775000E+00  -0.123756E-01   0.635310E-08   0.586175E-03   0.000000E+00   0.000000E+00   0.000000E+00
   0.825000E+00  -0.141632E-01   0.692562E-07   0.614817E-03   0.000000E+00   0.000000E+00   0.000000E+00
   0.875000E+00  -0.144737E-01   0.404413E-07   0.415175E-03   0.000000E+00   0.000000E+00   0.000000E+00
   0.925000E+00  -0.953933E-02   0.826103E-07   0.435059E-03   0.000000E+00   0.000000E+00   0.000000E+00
   0.975000E+00   0.135964E+00   0.701408E-07   0.170711E-04   0.000000E+00   0.000000E+00   0.000000E+00
   0.100000E+01   0.100000E+01   0.000000E+00   0.000000E+00   0.000000E+00   0.000000E+00   0.000000E+00
 VARIABLES = "Z","U","V","W","T","Q","VP"
 ZONE K =          22 ,F=POINT
   0.000000E+00   0.000000E+00   0.000000E+00   0.000000E+00   0.000000E+00   0.000000E+00   0.000000E+00
   0.250000E-01  -0.266012E-02  -0.239065E-08  -0.174461E-04   0.000000E+00   0.000000E+00   0.000000E+00
   0.750000E-01  -0.291388E-02  -0.338081E-08   0.841157E-04   0.000000E+00   0.000000E+00   0.000000E+00
   0.125000E+00  -0.312998E-02  -0.135553E-08   0.554087E-04   0.000000E+00   0.000000E+00   0.000000E+00
   0.175000E+00  -0.323382E-02  -0.631124E-08   0.160679E-03   0.000000E+00   0.000000E+00   0.000000E+00
   0.225000E+00  -0.365879E-02  -0.443394E-09   0.134724E-03   0.000000E+00   0.000000E+00   0.000000E+00
   0.275000E+00  -0.385433E-02  -0.102807E-07   0.245996E-03   0.000000E+00   0.000000E+00   0.000000E+00
   0.325000E+00  -0.452736E-02   0.126570E-08   0.225361E-03   0.000000E+00   0.000000E+00   0.000000E+00
   0.375000E+00  -0.482662E-02  -0.150813E-07   0.342962E-03   0.000000E+00   0.000000E+00   0.000000E+00
   0.425000E+00  -0.579060E-02   0.521497E-08   0.330651E-03   0.000000E+00   0.000000E+00   0.000000E+00
   0.475000E+00  -0.620643E-02  -0.196530E-07   0.449943E-03   0.000000E+00   0.000000E+00   0.000000E+00
   0.525000E+00  -0.750199E-02   0.135951E-07   0.449171E-03   0.000000E+00   0.000000E+00   0.000000E+00
   0.575000E+00  -0.803922E-02  -0.211361E-07   0.555328E-03   0.000000E+00   0.000000E+00   0.000000E+00
   0.625000E+00  -0.967407E-02   0.290836E-07   0.568565E-03   0.000000E+00   0.000000E+00   0.000000E+00
   0.675000E+00  -0.103108E-01  -0.140908E-07   0.628837E-03   0.000000E+00   0.000000E+00   0.000000E+00
   0.725000E+00  -0.121978E-01   0.529997E-07   0.655770E-03   0.000000E+00   0.000000E+00   0.000000E+00
   0.775000E+00  -0.128538E-01   0.833926E-08   0.613539E-03   0.000000E+00   0.000000E+00   0.000000E+00
   0.825000E+00  -0.147101E-01   0.807842E-07   0.648514E-03   0.000000E+00   0.000000E+00   0.000000E+00
   0.875000E+00  -0.150176E-01   0.479947E-07   0.435691E-03   0.000000E+00   0.000000E+00   0.000000E+00
   0.925000E+00  -0.965029E-02   0.965761E-07   0.463811E-03   0.000000E+00   0.000000E+00   0.000000E+00
   0.975000E+00   0.140940E+00   0.819038E-07   0.160121E-04   0.000000E+00   0.000000E+00   0.000000E+00
   0.100000E+01   0.100000E+01   0.000000E+00   0.000000E+00   0.000000E+00   0.000000E+00   0.000000E+00
