 VARIABLES = "X","U","V","W","T","Q","VP"
 ZONE I =          22 ,F=POINT
   0.000000E+00   0.000000E+00   0.000000E+00   0.000000E+00   0.000000E+00   0.000000E+00   0.000000E+00
   0.250000E-01  -0.259663E-04  -0.977721E-10   0.278245E-03   0.000000E+00   0.000000E+00   0.000000E+00
   0.750000E-01  -0.732575E-04  -0.939030E-10   0.273841E-03   0.000000E+00   0.000000E+00   0.000000E+00
   0.125000E+00  -0.121831E-03  -0.937022E-10   0.250856E-03   0.000000E+00   0.000000E+00   0.000000E+00
   0.175000E+00  -0.158748E-03  -0.755484E-10   0.227495E-03   0.000000E+00   0.000000E+00   0.000000E+00
   0.225000E+00  -0.195351E-03  -0.774801E-10   0.195185E-03   0.000000E+00   0.000000E+00   0.000000E+00
   0.275000E+00  -0.220041E-03  -0.520804E-10   0.162422E-03   0.000000E+00   0.000000E+00   0.000000E+00
   0.325000E+00  -0.243149E-03  -0.539045E-10   0.126914E-03   0.000000E+00   0.000000E+00   0.000000E+00
   0.375000E+00  -0.256870E-03  -0.264149E-10   0.907728E-04   0.000000E+00   0.000000E+00   0.000000E+00
   0.425000E+00  -0.267792E-03  -0.273341E-10   0.548188E-04   0.000000E+00   0.000000E+00   0.000000E+00
   0.475000E+00  -0.272150E-03   0.216020E-12   0.179330E-04   0.000000E+00   0.000000E+00   0.000000E+00
   0.525000E+00  -0.272151E-03  -0.259929E-12  -0.179287E-04   0.000000E+00   0.000000E+00   0.000000E+00
   0.575000E+00  -0.267794E-03   0.272762E-10  -0.548149E-04   0.000000E+00   0.000000E+00   0.000000E+00
   0.625000E+00  -0.256873E-03   0.263451E-10  -0.907687E-04   0.000000E+00   0.000000E+00   0.000000E+00
   0.675000E+00  -0.243152E-03   0.537951E-10  -0.126911E-03   0.000000E+00   0.000000E+00   0.000000E+00
   0.725000E+00  -0.220045E-03   0.519459E-10  -0.162419E-03   0.000000E+00   0.000000E+00   0.000000E+00
   0.775000E+00  -0.195356E-03   0.772902E-10  -0.195183E-03   0.000000E+00   0.000000E+00   0.000000E+00
   0.825000E+00  -0.158753E-03   0.753228E-10  -0.227493E-03   0.000000E+00   0.000000E+00   0.000000E+00
   0.875000E+00  -0.121835E-03   0.934280E-10  -0.250856E-03   0.000000E+00   0.000000E+00   0.000000E+00
   0.925000E+00  -0.732600E-04   0.935950E-10  -0.273841E-03   0.000000E+00   0.000000E+00   0.000000E+00
   0.975000E+00  -0.259675E-04   0.974527E-10  -0.278245E-03   0.000000E+00   0.000000E+00   0.000000E+00
   0.100000E+01   0.000000E+00   0.000000E+00   0.000000E+00   0.000000E+00   0.000000E+00   0.000000E+00
 VARIABLES = "X","U","V","W","T","Q","VP"
 ZONE I =          22 ,F=POINT
   0.000000E+00   0.000000E+00   0.000000E+00   0.000000E+00   0.000000E+00   0.000000E+00   0.000000E+00
   0.250000E-01  -0.502239E-04  -0.324435E-09   0.555011E-03   0.000000E+00   0.000000E+00   0.000000E+00
   0.750000E-01  -0.145054E-03  -0.314429E-09   0.548206E-03   0.000000E+00   0.000000E+00   0.000000E+00
   0.125000E+00  -0.240207E-03  -0.305493E-09   0.502331E-03   0.000000E+00   0.000000E+00   0.000000E+00
   0.175000E+00  -0.313820E-03  -0.254434E-09   0.455309E-03   0.000000E+00   0.000000E+00   0.000000E+00
   0.225000E+00  -0.385898E-03  -0.247859E-09   0.391050E-03   0.000000E+00   0.000000E+00   0.000000E+00
   0.275000E+00  -0.434919E-03  -0.176581E-09   0.324849E-03   0.000000E+00   0.000000E+00   0.000000E+00
   0.325000E+00  -0.480595E-03  -0.169560E-09   0.254502E-03   0.000000E+00   0.000000E+00   0.000000E+00
   0.375000E+00  -0.507759E-03  -0.919601E-10   0.181276E-03   0.000000E+00   0.000000E+00   0.000000E+00
   0.425000E+00  -0.529403E-03  -0.834244E-10   0.110251E-03   0.000000E+00   0.000000E+00   0.000000E+00
   0.475000E+00  -0.538018E-03  -0.522136E-11   0.354025E-04   0.000000E+00   0.000000E+00   0.000000E+00
   0.525000E+00  -0.538026E-03   0.398777E-11  -0.353626E-04   0.000000E+00   0.000000E+00   0.000000E+00
   0.575000E+00  -0.529417E-03   0.819314E-10  -0.110215E-03   0.000000E+00   0.000000E+00   0.000000E+00
   0.625000E+00  -0.507785E-03   0.902634E-10  -0.181235E-03   0.000000E+00   0.000000E+00   0.000000E+00
   0.675000E+00  -0.480627E-03   0.167138E-09  -0.254473E-03   0.000000E+00   0.000000E+00   0.000000E+00
   0.725000E+00  -0.434958E-03   0.173720E-09  -0.324812E-03   0.000000E+00   0.000000E+00   0.000000E+00
   0.775000E+00  -0.385941E-03   0.244005E-09  -0.391030E-03   0.000000E+00   0.000000E+00   0.000000E+00
   0.825000E+00  -0.313859E-03   0.249941E-09  -0.455280E-03   0.000000E+00   0.000000E+00   0.000000E+00
   0.875000E+00  -0.240245E-03   0.300150E-09  -0.502319E-03   0.000000E+00   0.000000E+00   0.000000E+00
   0.925000E+00  -0.145075E-03   0.308478E-09  -0.548191E-03   0.000000E+00   0.000000E+00   0.000000E+00
   0.975000E+00  -0.502345E-04   0.318299E-09  -0.555001E-03   0.000000E+00   0.000000E+00   0.000000E+00
   0.100000E+01   0.000000E+00   0.000000E+00   0.000000E+00   0.000000E+00   0.000000E+00   0.000000E+00
 VARIABLES = "X","U","V","W","T","Q","VP"
 ZONE I =          22 ,F=POINT
   0.000000E+00   0.000000E+00   0.000000E+00   0.000000E+00   0.000000E+00   0.000000E+00   0.000000E+00
   0.250000E-01  -0.739666E-04  -0.684041E-09   0.828131E-03   0.000000E+00   0.000000E+00   0.000000E+00
   0.750000E-01  -0.216047E-03  -0.665580E-09   0.820942E-03   0.000000E+00   0.000000E+00   0.000000E+00
   0.125000E+00  -0.357471E-03  -0.635612E-09   0.752377E-03   0.000000E+00   0.000000E+00   0.000000E+00
   0.175000E+00  -0.467581E-03  -0.535027E-09   0.681843E-03   0.000000E+00   0.000000E+00   0.000000E+00
   0.225000E+00  -0.574898E-03  -0.505407E-09   0.585849E-03   0.000000E+00   0.000000E+00   0.000000E+00
   0.275000E+00  -0.648127E-03  -0.368760E-09   0.486382E-03   0.000000E+00   0.000000E+00   0.000000E+00
   0.325000E+00  -0.716220E-03  -0.339069E-09   0.381430E-03   0.000000E+00   0.000000E+00   0.000000E+00
   0.375000E+00  -0.756760E-03  -0.193642E-09   0.271283E-03   0.000000E+00   0.000000E+00   0.000000E+00
   0.425000E+00  -0.789060E-03  -0.163214E-09   0.165436E-03   0.000000E+00   0.000000E+00   0.000000E+00
   0.475000E+00  -0.801915E-03  -0.189140E-10   0.527772E-04   0.000000E+00   0.000000E+00   0.000000E+00
   0.525000E+00  -0.801941E-03   0.116137E-10  -0.526333E-04   0.000000E+00   0.000000E+00   0.000000E+00
   0.575000E+00  -0.789106E-03   0.154566E-09  -0.165308E-03   0.000000E+00   0.000000E+00   0.000000E+00
   0.625000E+00  -0.756852E-03   0.183898E-09  -0.271133E-03   0.000000E+00   0.000000E+00   0.000000E+00
   0.675000E+00  -0.716332E-03   0.325567E-09  -0.381324E-03   0.000000E+00   0.000000E+00   0.000000E+00
   0.725000E+00  -0.648262E-03   0.352908E-09  -0.486240E-03   0.000000E+00   0.000000E+00   0.000000E+00
   0.775000E+00  -0.575049E-03   0.484442E-09  -0.585771E-03   0.000000E+00   0.000000E+00   0.000000E+00
   0.825000E+00  -0.467715E-03   0.510656E-09  -0.681729E-03   0.000000E+00   0.000000E+00   0.000000E+00
   0.875000E+00  -0.357603E-03   0.606896E-09  -0.752323E-03   0.000000E+00   0.000000E+00   0.000000E+00
   0.925000E+00  -0.216119E-03   0.633640E-09  -0.820872E-03   0.000000E+00   0.000000E+00   0.000000E+00
   0.975000E+00  -0.740032E-04   0.651219E-09  -0.828077E-03   0.000000E+00   0.000000E+00   0.000000E+00
   0.100000E+01   0.000000E+00   0.000000E+00   0.000000E+00   0.000000E+00   0.000000E+00   0.000000E+00
 VARIABLES = "X","U","V","W","T","Q","VP"
 ZONE I =          22 ,F=POINT
   0.000000E+00   0.000000E+00   0.000000E+00   0.000000E+00   0.000000E+00   0.000000E+00   0.000000E+00
   0.250000E-01  -0.972232E-04  -0.124818E-08   0.109764E-02   0.000000E+00   0.000000E+00   0.000000E+00
   0.750000E-01  -0.286292E-03  -0.121782E-08   0.109205E-02   0.000000E+00   0.000000E+00   0.000000E+00
   0.125000E+00  -0.473721E-03  -0.114805E-08   0.100098E-02   0.000000E+00   0.000000E+00   0.000000E+00
   0.175000E+00  -0.620154E-03  -0.972246E-09   0.907128E-03   0.000000E+00   0.000000E+00   0.000000E+00
   0.225000E+00  -0.762520E-03  -0.897530E-09   0.779562E-03   0.000000E+00   0.000000E+00   0.000000E+00
   0.275000E+00  -0.859852E-03  -0.665201E-09   0.647062E-03   0.000000E+00   0.000000E+00   0.000000E+00
   0.325000E+00  -0.950248E-03  -0.592138E-09   0.507672E-03   0.000000E+00   0.000000E+00   0.000000E+00
   0.375000E+00  -0.100411E-02  -0.351346E-09   0.360845E-03   0.000000E+00   0.000000E+00   0.000000E+00
   0.425000E+00  -0.104702E-02  -0.280686E-09   0.220349E-03   0.000000E+00   0.000000E+00   0.000000E+00
   0.475000E+00  -0.106411E-02  -0.465731E-10   0.701135E-04   0.000000E+00   0.000000E+00   0.000000E+00
   0.525000E+00  -0.106417E-02   0.221556E-10  -0.697615E-04   0.000000E+00   0.000000E+00   0.000000E+00
   0.575000E+00  -0.104713E-02   0.252008E-09  -0.220036E-03   0.000000E+00   0.000000E+00   0.000000E+00
   0.625000E+00  -0.100433E-02   0.319099E-09  -0.360475E-03   0.000000E+00   0.000000E+00   0.000000E+00
   0.675000E+00  -0.950518E-03   0.548027E-09  -0.507412E-03   0.000000E+00   0.000000E+00   0.000000E+00
   0.725000E+00  -0.860174E-03   0.613462E-09  -0.646706E-03   0.000000E+00   0.000000E+00   0.000000E+00
   0.775000E+00  -0.762882E-03   0.829706E-09  -0.779365E-03   0.000000E+00   0.000000E+00   0.000000E+00
   0.825000E+00  -0.620476E-03   0.893409E-09  -0.906834E-03   0.000000E+00   0.000000E+00   0.000000E+00
   0.875000E+00  -0.474037E-03   0.105559E-08  -0.100084E-02   0.000000E+00   0.000000E+00   0.000000E+00
   0.925000E+00  -0.286464E-03   0.111501E-08  -0.109186E-02   0.000000E+00   0.000000E+00   0.000000E+00
   0.975000E+00  -0.973102E-04   0.114278E-08  -0.109749E-02   0.000000E+00   0.000000E+00   0.000000E+00
   0.100000E+01   0.000000E+00   0.000000E+00   0.000000E+00   0.000000E+00   0.000000E+00   0.000000E+00
 VARIABLES = "X","U","V","W","T","Q","VP"
 ZONE I =          22 ,F=POINT
   0.000000E+00   0.000000E+00   0.000000E+00   0.000000E+00   0.000000E+00   0.000000E+00   0.000000E+00
   0.250000E-01  -0.119999E-03  -0.208921E-08   0.136361E-02   0.000000E+00   0.000000E+00   0.000000E+00
   0.750000E-01  -0.355790E-03  -0.204291E-08   0.136156E-02   0.000000E+00   0.000000E+00   0.000000E+00
   0.125000E+00  -0.588958E-03  -0.190790E-08   0.124818E-02   0.000000E+00   0.000000E+00   0.000000E+00
   0.175000E+00  -0.771545E-03  -0.162200E-08   0.113119E-02   0.000000E+00   0.000000E+00   0.000000E+00
   0.225000E+00  -0.948770E-03  -0.147243E-08   0.972211E-03   0.000000E+00   0.000000E+00   0.000000E+00
   0.275000E+00  -0.107010E-02  -0.110314E-08   0.806918E-03   0.000000E+00   0.000000E+00   0.000000E+00
   0.325000E+00  -0.118270E-02  -0.959061E-09   0.633247E-03   0.000000E+00   0.000000E+00   0.000000E+00
   0.375000E+00  -0.124983E-02  -0.585530E-09   0.449988E-03   0.000000E+00   0.000000E+00   0.000000E+00
   0.425000E+00  -0.130332E-02  -0.450498E-09   0.275006E-03   0.000000E+00   0.000000E+00   0.000000E+00
   0.475000E+00  -0.132462E-02  -0.948218E-10   0.874311E-04   0.000000E+00   0.000000E+00   0.000000E+00
   0.525000E+00  -0.132475E-02   0.339730E-10  -0.867327E-04   0.000000E+00   0.000000E+00   0.000000E+00
   0.575000E+00  -0.130354E-02   0.379343E-09  -0.274385E-03   0.000000E+00   0.000000E+00   0.000000E+00
   0.625000E+00  -0.125027E-02   0.505539E-09  -0.449250E-03   0.000000E+00   0.000000E+00   0.000000E+00
   0.675000E+00  -0.118323E-02   0.850401E-09  -0.632729E-03   0.000000E+00   0.000000E+00   0.000000E+00
   0.725000E+00  -0.107074E-02   0.975650E-09  -0.806203E-03   0.000000E+00   0.000000E+00   0.000000E+00
   0.775000E+00  -0.949480E-03   0.130614E-08  -0.971812E-03   0.000000E+00   0.000000E+00   0.000000E+00
   0.825000E+00  -0.772175E-03   0.142863E-08  -0.113059E-02   0.000000E+00   0.000000E+00   0.000000E+00
   0.875000E+00  -0.589577E-03   0.168175E-08  -0.124787E-02   0.000000E+00   0.000000E+00   0.000000E+00
   0.925000E+00  -0.356126E-03   0.179142E-08  -0.136117E-02   0.000000E+00   0.000000E+00   0.000000E+00
   0.975000E+00  -0.120168E-03   0.183192E-08  -0.136329E-02   0.000000E+00   0.000000E+00   0.000000E+00
   0.100000E+01   0.000000E+00   0.000000E+00   0.000000E+00   0.000000E+00   0.000000E+00   0.000000E+00
 VARIABLES = "X","U","V","W","T","Q","VP"
 ZONE I =          22 ,F=POINT
   0.000000E+00   0.000000E+00   0.000000E+00   0.000000E+00   0.000000E+00   0.000000E+00   0.000000E+00
   0.250000E-01  -0.142299E-03  -0.327988E-08   0.162608E-02   0.000000E+00   0.000000E+00   0.000000E+00
   0.750000E-01  -0.424544E-03  -0.321351E-08   0.162948E-02   0.000000E+00   0.000000E+00   0.000000E+00
   0.125000E+00  -0.703182E-03  -0.298104E-08   0.149397E-02   0.000000E+00   0.000000E+00   0.000000E+00
   0.175000E+00  -0.921752E-03  -0.254092E-08   0.135406E-02   0.000000E+00   0.000000E+00   0.000000E+00
   0.225000E+00  -0.113365E-02  -0.227885E-08   0.116382E-02   0.000000E+00   0.000000E+00   0.000000E+00
   0.275000E+00  -0.127889E-02  -0.172029E-08   0.965974E-03   0.000000E+00   0.000000E+00   0.000000E+00
   0.325000E+00  -0.141357E-02  -0.147055E-08   0.758174E-03   0.000000E+00   0.000000E+00   0.000000E+00
   0.375000E+00  -0.149394E-02  -0.917098E-09   0.538732E-03   0.000000E+00   0.000000E+00   0.000000E+00
   0.425000E+00  -0.155797E-02  -0.687847E-09   0.329426E-03   0.000000E+00   0.000000E+00   0.000000E+00
   0.475000E+00  -0.158348E-02  -0.171075E-09   0.104747E-03   0.000000E+00   0.000000E+00   0.000000E+00
   0.525000E+00  -0.158369E-02   0.444039E-10  -0.103532E-03   0.000000E+00   0.000000E+00   0.000000E+00
   0.575000E+00  -0.155834E-02   0.540095E-09  -0.328344E-03   0.000000E+00   0.000000E+00   0.000000E+00
   0.625000E+00  -0.149468E-02   0.750946E-09  -0.537446E-03   0.000000E+00   0.000000E+00   0.000000E+00
   0.675000E+00  -0.141448E-02   0.124580E-08  -0.757271E-03   0.000000E+00   0.000000E+00   0.000000E+00
   0.725000E+00  -0.127998E-02   0.145641E-08  -0.964723E-03   0.000000E+00   0.000000E+00   0.000000E+00
   0.775000E+00  -0.113487E-02   0.193577E-08  -0.116311E-02   0.000000E+00   0.000000E+00   0.000000E+00
   0.825000E+00  -0.922838E-03   0.214172E-08  -0.135300E-02   0.000000E+00   0.000000E+00   0.000000E+00
   0.875000E+00  -0.704247E-03   0.251502E-08  -0.149343E-02   0.000000E+00   0.000000E+00   0.000000E+00
   0.925000E+00  -0.425122E-03   0.269521E-08  -0.162878E-02   0.000000E+00   0.000000E+00   0.000000E+00
   0.975000E+00  -0.142588E-03   0.275063E-08  -0.162551E-02   0.000000E+00   0.000000E+00   0.000000E+00
   0.100000E+01   0.000000E+00   0.000000E+00   0.000000E+00   0.000000E+00   0.000000E+00   0.000000E+00
 VARIABLES = "X","U","V","W","T","Q","VP"
 ZONE I =          22 ,F=POINT
   0.000000E+00   0.000000E+00   0.000000E+00   0.000000E+00   0.000000E+00   0.000000E+00   0.000000E+00
   0.250000E-01  -0.164126E-03  -0.489305E-08   0.188513E-02   0.000000E+00   0.000000E+00   0.000000E+00
   0.750000E-01  -0.492555E-03  -0.480292E-08   0.189584E-02   0.000000E+00   0.000000E+00   0.000000E+00
   0.125000E+00  -0.816388E-03  -0.443383E-08   0.173840E-02   0.000000E+00   0.000000E+00   0.000000E+00
   0.175000E+00  -0.107078E-02  -0.378613E-08   0.157575E-02   0.000000E+00   0.000000E+00   0.000000E+00
   0.225000E+00  -0.131715E-02  -0.336589E-08   0.135440E-02   0.000000E+00   0.000000E+00   0.000000E+00
   0.275000E+00  -0.148620E-02  -0.255467E-08   0.112426E-02   0.000000E+00   0.000000E+00   0.000000E+00
   0.325000E+00  -0.164288E-02  -0.215759E-08   0.882473E-03   0.000000E+00   0.000000E+00   0.000000E+00
   0.375000E+00  -0.173642E-02  -0.136731E-08   0.627099E-03   0.000000E+00   0.000000E+00   0.000000E+00
   0.425000E+00  -0.181098E-02  -0.100836E-08   0.383624E-03   0.000000E+00   0.000000E+00   0.000000E+00
   0.475000E+00  -0.184069E-02  -0.283432E-09   0.122077E-03   0.000000E+00   0.000000E+00   0.000000E+00
   0.525000E+00  -0.184103E-02   0.499014E-10  -0.120143E-03   0.000000E+00   0.000000E+00   0.000000E+00
   0.575000E+00  -0.181157E-02   0.736399E-09  -0.381904E-03   0.000000E+00   0.000000E+00   0.000000E+00
   0.625000E+00  -0.173760E-02   0.106131E-08  -0.625050E-03   0.000000E+00   0.000000E+00   0.000000E+00
   0.675000E+00  -0.164432E-02   0.174484E-08  -0.881033E-03   0.000000E+00   0.000000E+00   0.000000E+00
   0.725000E+00  -0.148793E-02   0.206967E-08  -0.112226E-02   0.000000E+00   0.000000E+00   0.000000E+00
   0.775000E+00  -0.131909E-02   0.273673E-08  -0.135327E-02   0.000000E+00   0.000000E+00   0.000000E+00
   0.825000E+00  -0.107249E-02   0.305359E-08  -0.157406E-02   0.000000E+00   0.000000E+00   0.000000E+00
   0.875000E+00  -0.818071E-03   0.357982E-08  -0.173752E-02   0.000000E+00   0.000000E+00   0.000000E+00
   0.925000E+00  -0.493467E-03   0.385292E-08  -0.189470E-02   0.000000E+00   0.000000E+00   0.000000E+00
   0.975000E+00  -0.164581E-03   0.392468E-08  -0.188419E-02   0.000000E+00   0.000000E+00   0.000000E+00
   0.100000E+01   0.000000E+00   0.000000E+00   0.000000E+00   0.000000E+00   0.000000E+00   0.000000E+00
 VARIABLES = "X","U","V","W","T","Q","VP"
 ZONE I =          22 ,F=POINT
   0.000000E+00   0.000000E+00   0.000000E+00   0.000000E+00   0.000000E+00   0.000000E+00   0.000000E+00
   0.250000E-01  -0.185486E-03  -0.700130E-08   0.214079E-02   0.000000E+00   0.000000E+00   0.000000E+00
   0.750000E-01  -0.559824E-03  -0.688470E-08   0.216065E-02   0.000000E+00   0.000000E+00   0.000000E+00
   0.125000E+00  -0.928575E-03  -0.633287E-08   0.198147E-02   0.000000E+00   0.000000E+00   0.000000E+00
   0.175000E+00  -0.121862E-02  -0.541499E-08   0.179631E-02   0.000000E+00   0.000000E+00   0.000000E+00
   0.225000E+00  -0.149929E-02  -0.478280E-08   0.154397E-02   0.000000E+00   0.000000E+00   0.000000E+00
   0.275000E+00  -0.169205E-02  -0.364450E-08   0.128179E-02   0.000000E+00   0.000000E+00   0.000000E+00
   0.325000E+00  -0.187062E-02  -0.305132E-08   0.100616E-02   0.000000E+00   0.000000E+00   0.000000E+00
   0.375000E+00  -0.197731E-02  -0.195765E-08   0.715109E-03   0.000000E+00   0.000000E+00   0.000000E+00
   0.425000E+00  -0.206236E-02  -0.142797E-08   0.437618E-03   0.000000E+00   0.000000E+00   0.000000E+00
   0.475000E+00  -0.209627E-02  -0.440572E-09   0.139436E-03   0.000000E+00   0.000000E+00   0.000000E+00
   0.525000E+00  -0.209678E-02   0.461534E-10  -0.136553E-03   0.000000E+00   0.000000E+00   0.000000E+00
   0.575000E+00  -0.206324E-02   0.969139E-09  -0.435054E-03   0.000000E+00   0.000000E+00   0.000000E+00
   0.625000E+00  -0.197906E-02   0.144108E-08  -0.712051E-03   0.000000E+00   0.000000E+00   0.000000E+00
   0.675000E+00  -0.187277E-02   0.235588E-08  -0.100401E-02   0.000000E+00   0.000000E+00   0.000000E+00
   0.725000E+00  -0.169461E-02   0.282666E-08  -0.127880E-02   0.000000E+00   0.000000E+00   0.000000E+00
   0.775000E+00  -0.150216E-02   0.372360E-08  -0.154229E-02   0.000000E+00   0.000000E+00   0.000000E+00
   0.825000E+00  -0.122116E-02   0.418102E-08  -0.179377E-02   0.000000E+00   0.000000E+00   0.000000E+00
   0.875000E+00  -0.931069E-03   0.489572E-08  -0.198014E-02   0.000000E+00   0.000000E+00   0.000000E+00
   0.925000E+00  -0.561175E-03   0.528574E-08  -0.215893E-02   0.000000E+00   0.000000E+00   0.000000E+00
   0.975000E+00  -0.186157E-03   0.537419E-08  -0.213938E-02   0.000000E+00   0.000000E+00   0.000000E+00
   0.100000E+01   0.000000E+00   0.000000E+00   0.000000E+00   0.000000E+00   0.000000E+00   0.000000E+00
 VARIABLES = "X","U","V","W","T","Q","VP"
 ZONE I =          22 ,F=POINT
   0.000000E+00   0.000000E+00   0.000000E+00   0.000000E+00   0.000000E+00   0.000000E+00   0.000000E+00
   0.250000E-01  -0.206383E-03  -0.967666E-08   0.239314E-02   0.000000E+00   0.000000E+00   0.000000E+00
   0.750000E-01  -0.626352E-03  -0.953238E-08   0.242392E-02   0.000000E+00   0.000000E+00   0.000000E+00
   0.125000E+00  -0.103974E-02  -0.874466E-08   0.222322E-02   0.000000E+00   0.000000E+00   0.000000E+00
   0.175000E+00  -0.136527E-02  -0.748486E-08   0.201574E-02   0.000000E+00   0.000000E+00   0.000000E+00
   0.225000E+00  -0.168005E-02  -0.657872E-08   0.173257E-02   0.000000E+00   0.000000E+00   0.000000E+00
   0.275000E+00  -0.189644E-02  -0.502796E-08   0.143859E-02   0.000000E+00   0.000000E+00   0.000000E+00
   0.325000E+00  -0.209681E-02  -0.418284E-08   0.112926E-02   0.000000E+00   0.000000E+00   0.000000E+00
   0.375000E+00  -0.221660E-02  -0.270975E-08   0.802780E-03   0.000000E+00   0.000000E+00   0.000000E+00
   0.425000E+00  -0.231213E-02  -0.196281E-08   0.491424E-03   0.000000E+00   0.000000E+00   0.000000E+00
   0.475000E+00  -0.235024E-02  -0.651660E-09   0.156839E-03   0.000000E+00   0.000000E+00   0.000000E+00
   0.525000E+00  -0.235096E-02   0.281926E-10  -0.152749E-03   0.000000E+00   0.000000E+00   0.000000E+00
   0.575000E+00  -0.231337E-02   0.123808E-08  -0.487786E-03   0.000000E+00   0.000000E+00   0.000000E+00
   0.625000E+00  -0.221908E-02   0.189326E-08  -0.798440E-03   0.000000E+00   0.000000E+00   0.000000E+00
   0.675000E+00  -0.209984E-02   0.308520E-08  -0.112621E-02   0.000000E+00   0.000000E+00   0.000000E+00
   0.725000E+00  -0.190006E-02   0.373612E-08  -0.143434E-02   0.000000E+00   0.000000E+00   0.000000E+00
   0.775000E+00  -0.168411E-02   0.490771E-08  -0.173017E-02   0.000000E+00   0.000000E+00   0.000000E+00
   0.825000E+00  -0.136887E-02   0.553703E-08  -0.201213E-02   0.000000E+00   0.000000E+00   0.000000E+00
   0.875000E+00  -0.104326E-02   0.647791E-08  -0.222131E-02   0.000000E+00   0.000000E+00   0.000000E+00
   0.925000E+00  -0.628259E-03   0.700999E-08  -0.242147E-02   0.000000E+00   0.000000E+00   0.000000E+00
   0.975000E+00  -0.207326E-03   0.711411E-08  -0.239111E-02   0.000000E+00   0.000000E+00   0.000000E+00
   0.100000E+01   0.000000E+00   0.000000E+00   0.000000E+00   0.000000E+00   0.000000E+00   0.000000E+00
 VARIABLES = "X","U","V","W","T","Q","VP"
 ZONE I =          22 ,F=POINT
   0.000000E+00   0.000000E+00   0.000000E+00   0.000000E+00   0.000000E+00   0.000000E+00   0.000000E+00
   0.250000E-01  -0.226823E-03  -0.129903E-07   0.264222E-02   0.000000E+00   0.000000E+00   0.000000E+00
   0.750000E-01  -0.692143E-03  -0.128192E-07   0.268568E-02   0.000000E+00   0.000000E+00   0.000000E+00
   0.125000E+00  -0.114989E-02  -0.117354E-07   0.246365E-02   0.000000E+00   0.000000E+00   0.000000E+00
   0.175000E+00  -0.151074E-02  -0.100529E-07   0.223407E-02   0.000000E+00   0.000000E+00   0.000000E+00
   0.225000E+00  -0.185944E-02  -0.880254E-08   0.192019E-02   0.000000E+00   0.000000E+00   0.000000E+00
   0.275000E+00  -0.209937E-02  -0.674312E-08   0.159468E-02   0.000000E+00   0.000000E+00   0.000000E+00
   0.325000E+00  -0.232144E-02  -0.558310E-08   0.125178E-02   0.000000E+00   0.000000E+00   0.000000E+00
   0.375000E+00  -0.245430E-02  -0.364528E-08   0.890131E-03   0.000000E+00   0.000000E+00   0.000000E+00
   0.425000E+00  -0.256030E-02  -0.262913E-08   0.545056E-03   0.000000E+00   0.000000E+00   0.000000E+00
   0.475000E+00  -0.260261E-02  -0.926263E-09   0.174299E-03   0.000000E+00   0.000000E+00   0.000000E+00
   0.525000E+00  -0.260359E-02  -0.950152E-11  -0.168717E-03   0.000000E+00   0.000000E+00   0.000000E+00
   0.575000E+00  -0.256200E-02   0.154197E-08  -0.540092E-03   0.000000E+00   0.000000E+00   0.000000E+00
   0.625000E+00  -0.245767E-02   0.241964E-08  -0.884207E-03   0.000000E+00   0.000000E+00   0.000000E+00
   0.675000E+00  -0.232558E-02   0.393722E-08  -0.124761E-02   0.000000E+00   0.000000E+00   0.000000E+00
   0.725000E+00  -0.210430E-02   0.480455E-08  -0.158889E-02   0.000000E+00   0.000000E+00   0.000000E+00
   0.775000E+00  -0.186497E-02   0.629746E-08  -0.191691E-02   0.000000E+00   0.000000E+00   0.000000E+00
   0.825000E+00  -0.151564E-02   0.713123E-08  -0.222914E-02   0.000000E+00   0.000000E+00   0.000000E+00
   0.875000E+00  -0.115468E-02   0.833759E-08  -0.246104E-02   0.000000E+00   0.000000E+00   0.000000E+00
   0.925000E+00  -0.694734E-03   0.903759E-08  -0.268233E-02   0.000000E+00   0.000000E+00   0.000000E+00
   0.975000E+00  -0.228098E-03   0.915476E-08  -0.263944E-02   0.000000E+00   0.000000E+00   0.000000E+00
   0.100000E+01   0.000000E+00   0.000000E+00   0.000000E+00   0.000000E+00   0.000000E+00   0.000000E+00
 VARIABLES = "X","U","V","W","T","Q","VP"
 ZONE I =          22 ,F=POINT
   0.000000E+00   0.000000E+00   0.000000E+00   0.000000E+00   0.000000E+00   0.000000E+00   0.000000E+00
   0.250000E-01  -0.246809E-03  -0.170122E-07   0.288808E-02   0.000000E+00   0.000000E+00   0.000000E+00
   0.750000E-01  -0.757197E-03  -0.168177E-07   0.294595E-02   0.000000E+00   0.000000E+00   0.000000E+00
   0.125000E+00  -0.125902E-02  -0.153706E-07   0.270279E-02   0.000000E+00   0.000000E+00   0.000000E+00
   0.175000E+00  -0.165503E-02  -0.131757E-07   0.245132E-02   0.000000E+00   0.000000E+00   0.000000E+00
   0.225000E+00  -0.203746E-02  -0.115027E-07   0.210687E-02   0.000000E+00   0.000000E+00   0.000000E+00
   0.275000E+00  -0.230085E-02  -0.882775E-08   0.175008E-02   0.000000E+00   0.000000E+00   0.000000E+00
   0.325000E+00  -0.254454E-02  -0.728278E-08   0.137374E-02   0.000000E+00   0.000000E+00   0.000000E+00
   0.375000E+00  -0.269042E-02  -0.478583E-08   0.977177E-03   0.000000E+00   0.000000E+00   0.000000E+00
   0.425000E+00  -0.280688E-02  -0.344320E-08   0.598529E-03   0.000000E+00   0.000000E+00   0.000000E+00
   0.475000E+00  -0.285340E-02  -0.127427E-08   0.191828E-03   0.000000E+00   0.000000E+00   0.000000E+00
   0.525000E+00  -0.285469E-02  -0.729092E-10  -0.184446E-03   0.000000E+00   0.000000E+00   0.000000E+00
   0.575000E+00  -0.280913E-02   0.187868E-08  -0.591963E-03   0.000000E+00   0.000000E+00   0.000000E+00
   0.625000E+00  -0.269488E-02   0.302086E-08  -0.969342E-03   0.000000E+00   0.000000E+00   0.000000E+00
   0.675000E+00  -0.255000E-02   0.491466E-08  -0.136823E-02   0.000000E+00   0.000000E+00   0.000000E+00
   0.725000E+00  -0.230735E-02   0.603639E-08  -0.174242E-02   0.000000E+00   0.000000E+00   0.000000E+00
   0.775000E+00  -0.204476E-02   0.789852E-08  -0.210252E-02   0.000000E+00   0.000000E+00   0.000000E+00
   0.825000E+00  -0.166149E-02   0.897013E-08  -0.244481E-02   0.000000E+00   0.000000E+00   0.000000E+00
   0.875000E+00  -0.126533E-02   0.104823E-07  -0.269933E-02   0.000000E+00   0.000000E+00   0.000000E+00
   0.925000E+00  -0.760612E-03   0.113764E-07  -0.294150E-02   0.000000E+00   0.000000E+00   0.000000E+00
   0.975000E+00  -0.248482E-03   0.115022E-07  -0.288440E-02   0.000000E+00   0.000000E+00   0.000000E+00
   0.100000E+01   0.000000E+00   0.000000E+00   0.000000E+00   0.000000E+00   0.000000E+00   0.000000E+00
 VARIABLES = "X","U","V","W","T","Q","VP"
 ZONE I =          22 ,F=POINT
   0.000000E+00   0.000000E+00   0.000000E+00   0.000000E+00   0.000000E+00   0.000000E+00   0.000000E+00
   0.250000E-01  -0.266349E-03  -0.218112E-07   0.313078E-02   0.000000E+00   0.000000E+00   0.000000E+00
   0.750000E-01  -0.821517E-03  -0.215997E-07   0.320472E-02   0.000000E+00   0.000000E+00   0.000000E+00
   0.125000E+00  -0.136712E-02  -0.197152E-07   0.294065E-02   0.000000E+00   0.000000E+00   0.000000E+00
   0.175000E+00  -0.179814E-02  -0.169096E-07   0.266751E-02   0.000000E+00   0.000000E+00   0.000000E+00
   0.225000E+00  -0.221411E-02  -0.147269E-07   0.229262E-02   0.000000E+00   0.000000E+00   0.000000E+00
   0.275000E+00  -0.250087E-02  -0.113192E-07   0.190481E-02   0.000000E+00   0.000000E+00   0.000000E+00
   0.325000E+00  -0.276609E-02  -0.931220E-08   0.149516E-02   0.000000E+00   0.000000E+00   0.000000E+00
   0.375000E+00  -0.292498E-02  -0.615288E-08   0.106394E-02   0.000000E+00   0.000000E+00   0.000000E+00
   0.425000E+00  -0.305190E-02  -0.442119E-08   0.651857E-03   0.000000E+00   0.000000E+00   0.000000E+00
   0.475000E+00  -0.310262E-02  -0.170581E-08   0.209438E-03   0.000000E+00   0.000000E+00   0.000000E+00
   0.525000E+00  -0.310428E-02  -0.168385E-09  -0.199925E-03   0.000000E+00   0.000000E+00   0.000000E+00
   0.575000E+00  -0.305479E-02   0.224527E-08  -0.643393E-03   0.000000E+00   0.000000E+00   0.000000E+00
   0.625000E+00  -0.293071E-02   0.369656E-08  -0.105384E-02   0.000000E+00   0.000000E+00   0.000000E+00
   0.675000E+00  -0.277312E-02   0.601867E-08  -0.148805E-02   0.000000E+00   0.000000E+00   0.000000E+00
   0.725000E+00  -0.250924E-02   0.743427E-08  -0.189495E-02   0.000000E+00   0.000000E+00   0.000000E+00
   0.775000E+00  -0.222351E-02   0.971415E-08  -0.228701E-02   0.000000E+00   0.000000E+00   0.000000E+00
   0.825000E+00  -0.180644E-02   0.110574E-07  -0.265913E-02   0.000000E+00   0.000000E+00   0.000000E+00
   0.875000E+00  -0.137524E-02   0.129163E-07  -0.293619E-02   0.000000E+00   0.000000E+00   0.000000E+00
   0.925000E+00  -0.825906E-03   0.140307E-07  -0.319899E-02   0.000000E+00   0.000000E+00   0.000000E+00
   0.975000E+00  -0.268488E-03   0.141588E-07  -0.312603E-02   0.000000E+00   0.000000E+00   0.000000E+00
   0.100000E+01   0.000000E+00   0.000000E+00   0.000000E+00   0.000000E+00   0.000000E+00   0.000000E+00
 VARIABLES = "X","U","V","W","T","Q","VP"
 ZONE I =          22 ,F=POINT
   0.000000E+00   0.000000E+00   0.000000E+00   0.000000E+00   0.000000E+00   0.000000E+00   0.000000E+00
   0.250000E-01  -0.285446E-03  -0.274543E-07   0.337035E-02   0.000000E+00   0.000000E+00   0.000000E+00
   0.750000E-01  -0.885106E-03  -0.272360E-07   0.346202E-02   0.000000E+00   0.000000E+00   0.000000E+00
   0.125000E+00  -0.147421E-02  -0.248329E-07   0.317726E-02   0.000000E+00   0.000000E+00   0.000000E+00
   0.175000E+00  -0.194007E-02  -0.213097E-07   0.288266E-02   0.000000E+00   0.000000E+00   0.000000E+00
   0.225000E+00  -0.238940E-02  -0.185223E-07   0.247745E-02   0.000000E+00   0.000000E+00   0.000000E+00
   0.275000E+00  -0.269945E-02  -0.142544E-07   0.205889E-02   0.000000E+00   0.000000E+00   0.000000E+00
   0.325000E+00  -0.298612E-02  -0.117012E-07   0.161604E-02   0.000000E+00   0.000000E+00   0.000000E+00
   0.375000E+00  -0.315797E-02  -0.776773E-08   0.115042E-02   0.000000E+00   0.000000E+00   0.000000E+00
   0.425000E+00  -0.329535E-02  -0.557916E-08   0.705053E-03   0.000000E+00   0.000000E+00   0.000000E+00
   0.475000E+00  -0.335028E-02  -0.223122E-08   0.227142E-03   0.000000E+00   0.000000E+00   0.000000E+00
   0.525000E+00  -0.335238E-02  -0.302576E-09  -0.215141E-03   0.000000E+00   0.000000E+00   0.000000E+00
   0.575000E+00  -0.329899E-02   0.263809E-08  -0.694376E-03   0.000000E+00   0.000000E+00   0.000000E+00
   0.625000E+00  -0.316520E-02   0.444551E-08  -0.113769E-02   0.000000E+00   0.000000E+00   0.000000E+00
   0.675000E+00  -0.299498E-02   0.724905E-08  -0.160708E-02   0.000000E+00   0.000000E+00   0.000000E+00
   0.725000E+00  -0.271000E-02   0.899916E-08  -0.204646E-02   0.000000E+00   0.000000E+00   0.000000E+00
   0.775000E+00  -0.240123E-02   0.117454E-07  -0.247037E-02   0.000000E+00   0.000000E+00   0.000000E+00
   0.825000E+00  -0.195053E-02   0.133943E-07  -0.287211E-02   0.000000E+00   0.000000E+00   0.000000E+00
   0.875000E+00  -0.148442E-02   0.156407E-07  -0.317164E-02   0.000000E+00   0.000000E+00   0.000000E+00
   0.925000E+00  -0.890627E-03   0.170014E-07  -0.345481E-02   0.000000E+00   0.000000E+00   0.000000E+00
   0.975000E+00  -0.288126E-03   0.171233E-07  -0.336437E-02   0.000000E+00   0.000000E+00   0.000000E+00
   0.100000E+01   0.000000E+00   0.000000E+00   0.000000E+00   0.000000E+00   0.000000E+00   0.000000E+00
 VARIABLES = "X","U","V","W","T","Q","VP"
 ZONE I =          22 ,F=POINT
   0.000000E+00   0.000000E+00   0.000000E+00   0.000000E+00   0.000000E+00   0.000000E+00   0.000000E+00
   0.250000E-01  -0.304107E-03  -0.340070E-07   0.360686E-02   0.000000E+00   0.000000E+00   0.000000E+00
   0.750000E-01  -0.947966E-03  -0.337960E-07   0.371786E-02   0.000000E+00   0.000000E+00   0.000000E+00
   0.125000E+00  -0.158028E-02  -0.307865E-07   0.341262E-02   0.000000E+00   0.000000E+00   0.000000E+00
   0.175000E+00  -0.208082E-02  -0.264305E-07   0.309679E-02   0.000000E+00   0.000000E+00   0.000000E+00
   0.225000E+00  -0.256332E-02  -0.229350E-07   0.266138E-02   0.000000E+00   0.000000E+00   0.000000E+00
   0.275000E+00  -0.289658E-02  -0.176696E-07   0.221233E-02   0.000000E+00   0.000000E+00   0.000000E+00
   0.325000E+00  -0.320463E-02  -0.144789E-07   0.173642E-02   0.000000E+00   0.000000E+00   0.000000E+00
   0.375000E+00  -0.338942E-02  -0.965136E-08   0.123665E-02   0.000000E+00   0.000000E+00   0.000000E+00
   0.425000E+00  -0.353726E-02  -0.693293E-08   0.758131E-03   0.000000E+00   0.000000E+00   0.000000E+00
   0.475000E+00  -0.359641E-02  -0.286094E-08   0.244948E-03   0.000000E+00   0.000000E+00   0.000000E+00
   0.525000E+00  -0.359901E-02  -0.482355E-09  -0.230086E-03   0.000000E+00   0.000000E+00   0.000000E+00
   0.575000E+00  -0.354177E-02   0.305288E-08  -0.744905E-03   0.000000E+00   0.000000E+00   0.000000E+00
   0.625000E+00  -0.339836E-02   0.526569E-08  -0.122089E-02   0.000000E+00   0.000000E+00   0.000000E+00
   0.675000E+00  -0.321559E-02   0.860429E-08  -0.172531E-02   0.000000E+00   0.000000E+00   0.000000E+00
   0.725000E+00  -0.290964E-02   0.107305E-07  -0.219695E-02   0.000000E+00   0.000000E+00   0.000000E+00
   0.775000E+00  -0.257797E-02   0.139912E-07  -0.265262E-02   0.000000E+00   0.000000E+00   0.000000E+00
   0.825000E+00  -0.209375E-02   0.159796E-07  -0.308375E-02   0.000000E+00   0.000000E+00   0.000000E+00
   0.875000E+00  -0.159290E-02   0.186542E-07  -0.340568E-02   0.000000E+00   0.000000E+00   0.000000E+00
   0.925000E+00  -0.954787E-03   0.202863E-07  -0.370896E-02   0.000000E+00   0.000000E+00   0.000000E+00
   0.975000E+00  -0.307403E-03   0.203915E-07  -0.359947E-02   0.000000E+00   0.000000E+00   0.000000E+00
   0.100000E+01   0.000000E+00   0.000000E+00   0.000000E+00   0.000000E+00   0.000000E+00   0.000000E+00
 VARIABLES = "X","U","V","W","T","Q","VP"
 ZONE I =          22 ,F=POINT
   0.000000E+00   0.000000E+00   0.000000E+00   0.000000E+00   0.000000E+00   0.000000E+00   0.000000E+00
   0.250000E-01  -0.322337E-03  -0.415327E-07   0.384034E-02   0.000000E+00   0.000000E+00   0.000000E+00
   0.750000E-01  -0.101010E-02  -0.413478E-07   0.397226E-02   0.000000E+00   0.000000E+00   0.000000E+00
   0.125000E+00  -0.168534E-02  -0.376372E-07   0.364676E-02   0.000000E+00   0.000000E+00   0.000000E+00
   0.175000E+00  -0.222039E-02  -0.323254E-07   0.330991E-02   0.000000E+00   0.000000E+00   0.000000E+00
   0.225000E+00  -0.273589E-02  -0.280102E-07   0.284442E-02   0.000000E+00   0.000000E+00   0.000000E+00
   0.275000E+00  -0.309228E-02  -0.216005E-07   0.236516E-02   0.000000E+00   0.000000E+00   0.000000E+00
   0.325000E+00  -0.342162E-02  -0.176741E-07   0.185630E-02   0.000000E+00   0.000000E+00   0.000000E+00
   0.375000E+00  -0.361933E-02  -0.118245E-07   0.132263E-02   0.000000E+00   0.000000E+00   0.000000E+00
   0.425000E+00  -0.377763E-02  -0.849806E-08   0.811102E-03   0.000000E+00   0.000000E+00   0.000000E+00
   0.475000E+00  -0.384102E-02  -0.360551E-08   0.262867E-03   0.000000E+00   0.000000E+00   0.000000E+00
   0.525000E+00  -0.384418E-02  -0.714748E-09  -0.244749E-03   0.000000E+00   0.000000E+00   0.000000E+00
   0.575000E+00  -0.378313E-02   0.348482E-08  -0.794975E-03   0.000000E+00   0.000000E+00   0.000000E+00
   0.625000E+00  -0.363022E-02   0.615440E-08  -0.130342E-02   0.000000E+00   0.000000E+00   0.000000E+00
   0.675000E+00  -0.343498E-02   0.100818E-07  -0.184275E-02   0.000000E+00   0.000000E+00   0.000000E+00
   0.725000E+00  -0.310818E-02   0.126265E-07  -0.234643E-02   0.000000E+00   0.000000E+00   0.000000E+00
   0.775000E+00  -0.275373E-02   0.164489E-07  -0.283376E-02   0.000000E+00   0.000000E+00   0.000000E+00
   0.825000E+00  -0.223615E-02   0.188101E-07  -0.329405E-02   0.000000E+00   0.000000E+00   0.000000E+00
   0.875000E+00  -0.170069E-02   0.219527E-07  -0.363832E-02   0.000000E+00   0.000000E+00   0.000000E+00
   0.925000E+00  -0.101840E-02   0.238808E-07  -0.396145E-02   0.000000E+00   0.000000E+00   0.000000E+00
   0.975000E+00  -0.326329E-03   0.239566E-07  -0.383137E-02   0.000000E+00   0.000000E+00   0.000000E+00
   0.100000E+01   0.000000E+00   0.000000E+00   0.000000E+00   0.000000E+00   0.000000E+00   0.000000E+00
 VARIABLES = "X","U","V","W","T","Q","VP"
 ZONE I =          22 ,F=POINT
   0.000000E+00   0.000000E+00   0.000000E+00   0.000000E+00   0.000000E+00   0.000000E+00   0.000000E+00
   0.250000E-01  -0.340143E-03  -0.500929E-07   0.407084E-02   0.000000E+00   0.000000E+00   0.000000E+00
   0.750000E-01  -0.107151E-02  -0.499579E-07   0.422521E-02   0.000000E+00   0.000000E+00   0.000000E+00
   0.125000E+00  -0.178938E-02  -0.454449E-07   0.387969E-02   0.000000E+00   0.000000E+00   0.000000E+00
   0.175000E+00  -0.235880E-02  -0.390465E-07   0.352204E-02   0.000000E+00   0.000000E+00   0.000000E+00
   0.225000E+00  -0.290710E-02  -0.337919E-07   0.302660E-02   0.000000E+00   0.000000E+00   0.000000E+00
   0.275000E+00  -0.328655E-02  -0.260817E-07   0.251737E-02   0.000000E+00   0.000000E+00   0.000000E+00
   0.325000E+00  -0.363711E-02  -0.213145E-07   0.197568E-02   0.000000E+00   0.000000E+00   0.000000E+00
   0.375000E+00  -0.384770E-02  -0.143074E-07   0.140837E-02   0.000000E+00   0.000000E+00   0.000000E+00
   0.425000E+00  -0.401649E-02  -0.102898E-07   0.863978E-03   0.000000E+00   0.000000E+00   0.000000E+00
   0.475000E+00  -0.408411E-02  -0.447547E-08   0.280907E-03   0.000000E+00   0.000000E+00   0.000000E+00
   0.525000E+00  -0.408791E-02  -0.100688E-08  -0.259122E-03   0.000000E+00   0.000000E+00   0.000000E+00
   0.575000E+00  -0.402310E-02   0.392860E-08  -0.844582E-03   0.000000E+00   0.000000E+00   0.000000E+00
   0.625000E+00  -0.386079E-02   0.710835E-08  -0.138529E-02   0.000000E+00   0.000000E+00   0.000000E+00
   0.675000E+00  -0.365317E-02   0.116779E-07  -0.195940E-02   0.000000E+00   0.000000E+00   0.000000E+00
   0.725000E+00  -0.330566E-02   0.146841E-07  -0.249489E-02   0.000000E+00   0.000000E+00   0.000000E+00
   0.775000E+00  -0.292854E-02   0.191139E-07  -0.301379E-02   0.000000E+00   0.000000E+00   0.000000E+00
   0.825000E+00  -0.237773E-02   0.218808E-07  -0.350303E-02   0.000000E+00   0.000000E+00   0.000000E+00
   0.875000E+00  -0.180782E-02   0.255301E-07  -0.386957E-02   0.000000E+00   0.000000E+00   0.000000E+00
   0.925000E+00  -0.108147E-02   0.277777E-07  -0.421228E-02   0.000000E+00   0.000000E+00   0.000000E+00
   0.975000E+00  -0.344913E-03   0.278089E-07  -0.406010E-02   0.000000E+00   0.000000E+00   0.000000E+00
   0.100000E+01   0.000000E+00   0.000000E+00   0.000000E+00   0.000000E+00   0.000000E+00   0.000000E+00
 VARIABLES = "X","U","V","W","T","Q","VP"
 ZONE I =          22 ,F=POINT
   0.000000E+00   0.000000E+00   0.000000E+00   0.000000E+00   0.000000E+00   0.000000E+00   0.000000E+00
   0.250000E-01  -0.357529E-03  -0.597467E-07   0.429840E-02   0.000000E+00   0.000000E+00   0.000000E+00
   0.750000E-01  -0.113220E-02  -0.596910E-07   0.447674E-02   0.000000E+00   0.000000E+00   0.000000E+00
   0.125000E+00  -0.189241E-02  -0.542679E-07   0.411142E-02   0.000000E+00   0.000000E+00   0.000000E+00
   0.175000E+00  -0.249603E-02  -0.466448E-07   0.373320E-02   0.000000E+00   0.000000E+00   0.000000E+00
   0.225000E+00  -0.307697E-02  -0.403229E-07   0.320792E-02   0.000000E+00   0.000000E+00   0.000000E+00
   0.275000E+00  -0.347940E-02  -0.311473E-07   0.266900E-02   0.000000E+00   0.000000E+00   0.000000E+00
   0.325000E+00  -0.385110E-02  -0.254272E-07   0.209460E-02   0.000000E+00   0.000000E+00   0.000000E+00
   0.375000E+00  -0.407456E-02  -0.171200E-07   0.149390E-02   0.000000E+00   0.000000E+00   0.000000E+00
   0.425000E+00  -0.425384E-02  -0.123230E-07   0.916770E-03   0.000000E+00   0.000000E+00   0.000000E+00
   0.475000E+00  -0.432571E-02  -0.548136E-08   0.299078E-03   0.000000E+00   0.000000E+00   0.000000E+00
   0.525000E+00  -0.433021E-02  -0.136591E-08  -0.273195E-03   0.000000E+00   0.000000E+00   0.000000E+00
   0.575000E+00  -0.426170E-02   0.437853E-08  -0.893721E-03   0.000000E+00   0.000000E+00   0.000000E+00
   0.625000E+00  -0.409010E-02   0.812375E-08  -0.146650E-02   0.000000E+00   0.000000E+00   0.000000E+00
   0.675000E+00  -0.387018E-02   0.133881E-07  -0.207526E-02   0.000000E+00   0.000000E+00   0.000000E+00
   0.725000E+00  -0.350209E-02   0.168992E-07  -0.264232E-02   0.000000E+00   0.000000E+00   0.000000E+00
   0.775000E+00  -0.310242E-02   0.219805E-07  -0.319272E-02   0.000000E+00   0.000000E+00   0.000000E+00
   0.825000E+00  -0.251851E-02   0.251849E-07  -0.371068E-02   0.000000E+00   0.000000E+00   0.000000E+00
   0.875000E+00  -0.191429E-02   0.293784E-07  -0.409944E-02   0.000000E+00   0.000000E+00   0.000000E+00
   0.925000E+00  -0.114401E-02   0.319676E-07  -0.446145E-02   0.000000E+00   0.000000E+00   0.000000E+00
   0.975000E+00  -0.363162E-03   0.319370E-07  -0.428571E-02   0.000000E+00   0.000000E+00   0.000000E+00
   0.100000E+01   0.000000E+00   0.000000E+00   0.000000E+00   0.000000E+00   0.000000E+00   0.000000E+00
 VARIABLES = "X","U","V","W","T","Q","VP"
 ZONE I =          22 ,F=POINT
   0.000000E+00   0.000000E+00   0.000000E+00   0.000000E+00   0.000000E+00   0.000000E+00   0.000000E+00
   0.250000E-01  -0.374503E-03  -0.705513E-07   0.452307E-02   0.000000E+00   0.000000E+00   0.000000E+00
   0.750000E-01  -0.119217E-02  -0.706102E-07   0.472685E-02   0.000000E+00   0.000000E+00   0.000000E+00
   0.125000E+00  -0.199444E-02  -0.641628E-07   0.434197E-02   0.000000E+00   0.000000E+00   0.000000E+00
   0.175000E+00  -0.263210E-02  -0.551697E-07   0.394339E-02   0.000000E+00   0.000000E+00   0.000000E+00
   0.225000E+00  -0.324549E-02  -0.476447E-07   0.338839E-02   0.000000E+00   0.000000E+00   0.000000E+00
   0.275000E+00  -0.367082E-02  -0.368305E-07   0.282004E-02   0.000000E+00   0.000000E+00   0.000000E+00
   0.325000E+00  -0.406361E-02  -0.300385E-07   0.221306E-02   0.000000E+00   0.000000E+00   0.000000E+00
   0.375000E+00  -0.429990E-02  -0.202818E-07   0.157921E-02   0.000000E+00   0.000000E+00   0.000000E+00
   0.425000E+00  -0.448969E-02  -0.146121E-07   0.969489E-03   0.000000E+00   0.000000E+00   0.000000E+00
   0.475000E+00  -0.456584E-02  -0.663365E-08   0.317387E-03   0.000000E+00   0.000000E+00   0.000000E+00
   0.525000E+00  -0.457112E-02  -0.179900E-08  -0.286960E-03   0.000000E+00   0.000000E+00   0.000000E+00
   0.575000E+00  -0.449894E-02   0.482854E-08  -0.942389E-03   0.000000E+00   0.000000E+00   0.000000E+00
   0.625000E+00  -0.431816E-02   0.919637E-08  -0.154702E-02   0.000000E+00   0.000000E+00   0.000000E+00
   0.675000E+00  -0.408604E-02   0.152069E-07  -0.219032E-02   0.000000E+00   0.000000E+00   0.000000E+00
   0.725000E+00  -0.369749E-02   0.192668E-07  -0.278874E-02   0.000000E+00   0.000000E+00   0.000000E+00
   0.775000E+00  -0.327540E-02   0.250413E-07  -0.337056E-02   0.000000E+00   0.000000E+00   0.000000E+00
   0.825000E+00  -0.265851E-02   0.287144E-07  -0.391700E-02   0.000000E+00   0.000000E+00   0.000000E+00
   0.875000E+00  -0.202012E-02   0.334875E-07  -0.432795E-02   0.000000E+00   0.000000E+00   0.000000E+00
   0.925000E+00  -0.120604E-02   0.364392E-07  -0.470898E-02   0.000000E+00   0.000000E+00   0.000000E+00
   0.975000E+00  -0.381086E-03   0.363274E-07  -0.450823E-02   0.000000E+00   0.000000E+00   0.000000E+00
   0.100000E+01   0.000000E+00   0.000000E+00   0.000000E+00   0.000000E+00   0.000000E+00   0.000000E+00
 VARIABLES = "X","U","V","W","T","Q","VP"
 ZONE I =          22 ,F=POINT
   0.000000E+00   0.000000E+00   0.000000E+00   0.000000E+00   0.000000E+00   0.000000E+00   0.000000E+00
   0.250000E-01  -0.391070E-03  -0.825612E-07   0.474489E-02   0.000000E+00   0.000000E+00   0.000000E+00
   0.750000E-01  -0.125143E-02  -0.827763E-07   0.497555E-02   0.000000E+00   0.000000E+00   0.000000E+00
   0.125000E+00  -0.209546E-02  -0.751846E-07   0.457135E-02   0.000000E+00   0.000000E+00   0.000000E+00
   0.175000E+00  -0.276700E-02  -0.646694E-07   0.415263E-02   0.000000E+00   0.000000E+00   0.000000E+00
   0.225000E+00  -0.341267E-02  -0.557977E-07   0.356804E-02   0.000000E+00   0.000000E+00   0.000000E+00
   0.275000E+00  -0.386083E-02  -0.431633E-07   0.297052E-02   0.000000E+00   0.000000E+00   0.000000E+00
   0.325000E+00  -0.427464E-02  -0.351738E-07   0.233106E-02   0.000000E+00   0.000000E+00   0.000000E+00
   0.375000E+00  -0.452375E-02  -0.238116E-07   0.166433E-02   0.000000E+00   0.000000E+00   0.000000E+00
   0.425000E+00  -0.472407E-02  -0.171710E-07   0.102215E-02   0.000000E+00   0.000000E+00   0.000000E+00
   0.475000E+00  -0.480449E-02  -0.794274E-08   0.335841E-03   0.000000E+00   0.000000E+00   0.000000E+00
   0.525000E+00  -0.481064E-02  -0.231324E-08  -0.300410E-03   0.000000E+00   0.000000E+00   0.000000E+00
   0.575000E+00  -0.473485E-02   0.527226E-08  -0.990582E-03   0.000000E+00   0.000000E+00   0.000000E+00
   0.625000E+00  -0.454500E-02   0.103216E-07  -0.162686E-02   0.000000E+00   0.000000E+00   0.000000E+00
   0.675000E+00  -0.430076E-02   0.171284E-07  -0.230459E-02   0.000000E+00   0.000000E+00   0.000000E+00
   0.725000E+00  -0.389188E-02   0.217811E-07  -0.293413E-02   0.000000E+00   0.000000E+00   0.000000E+00
   0.775000E+00  -0.344748E-02   0.282881E-07  -0.354731E-02   0.000000E+00   0.000000E+00   0.000000E+00
   0.825000E+00  -0.279774E-02   0.324598E-07  -0.412202E-02   0.000000E+00   0.000000E+00   0.000000E+00
   0.875000E+00  -0.212534E-02   0.378460E-07  -0.455510E-02   0.000000E+00   0.000000E+00   0.000000E+00
   0.925000E+00  -0.126755E-02   0.411796E-07  -0.495487E-02   0.000000E+00   0.000000E+00   0.000000E+00
   0.975000E+00  -0.398692E-03   0.409647E-07  -0.472772E-02   0.000000E+00   0.000000E+00   0.000000E+00
   0.100000E+01   0.000000E+00   0.000000E+00   0.000000E+00   0.000000E+00   0.000000E+00   0.000000E+00
 VARIABLES = "X","U","V","W","T","Q","VP"
 ZONE I =          22 ,F=POINT
   0.000000E+00   0.000000E+00   0.000000E+00   0.000000E+00   0.000000E+00   0.000000E+00   0.000000E+00
   0.250000E-01  -0.407237E-03  -0.958286E-07   0.496390E-02   0.000000E+00   0.000000E+00   0.000000E+00
   0.750000E-01  -0.130998E-02  -0.962483E-07   0.522284E-02   0.000000E+00   0.000000E+00   0.000000E+00
   0.125000E+00  -0.219549E-02  -0.873860E-07   0.479957E-02   0.000000E+00   0.000000E+00   0.000000E+00
   0.175000E+00  -0.290074E-02  -0.751905E-07   0.436093E-02   0.000000E+00   0.000000E+00   0.000000E+00
   0.225000E+00  -0.357852E-02  -0.648204E-07   0.374687E-02   0.000000E+00   0.000000E+00   0.000000E+00
   0.275000E+00  -0.404943E-02  -0.501769E-07   0.312044E-02   0.000000E+00   0.000000E+00   0.000000E+00
   0.325000E+00  -0.448419E-02  -0.408574E-07   0.244863E-02   0.000000E+00   0.000000E+00   0.000000E+00
   0.375000E+00  -0.474610E-02  -0.277279E-07   0.174925E-02   0.000000E+00   0.000000E+00   0.000000E+00
   0.425000E+00  -0.495697E-02  -0.200134E-07   0.107475E-02   0.000000E+00   0.000000E+00   0.000000E+00
   0.475000E+00  -0.504170E-02  -0.941889E-08   0.354446E-03   0.000000E+00   0.000000E+00   0.000000E+00
   0.525000E+00  -0.504878E-02  -0.291565E-08  -0.313536E-03   0.000000E+00   0.000000E+00   0.000000E+00
   0.575000E+00  -0.496943E-02   0.570307E-08  -0.103830E-02   0.000000E+00   0.000000E+00   0.000000E+00
   0.625000E+00  -0.477064E-02   0.114947E-07  -0.170602E-02   0.000000E+00   0.000000E+00   0.000000E+00
   0.675000E+00  -0.451436E-02   0.191458E-07  -0.241808E-02   0.000000E+00   0.000000E+00   0.000000E+00
   0.725000E+00  -0.408528E-02   0.244355E-07  -0.307851E-02   0.000000E+00   0.000000E+00   0.000000E+00
   0.775000E+00  -0.361871E-02   0.317113E-07  -0.372297E-02   0.000000E+00   0.000000E+00   0.000000E+00
   0.825000E+00  -0.293623E-02   0.364104E-07  -0.432573E-02   0.000000E+00   0.000000E+00   0.000000E+00
   0.875000E+00  -0.222995E-02   0.424410E-07  -0.478090E-02   0.000000E+00   0.000000E+00   0.000000E+00
   0.925000E+00  -0.132856E-02   0.461743E-07  -0.519913E-02   0.000000E+00   0.000000E+00   0.000000E+00
   0.975000E+00  -0.415987E-03   0.458324E-07  -0.494419E-02   0.000000E+00   0.000000E+00   0.000000E+00
   0.100000E+01   0.000000E+00   0.000000E+00   0.000000E+00   0.000000E+00   0.000000E+00   0.000000E+00
 VARIABLES = "X","U","V","W","T","Q","VP"
 ZONE I =          22 ,F=POINT
   0.000000E+00   0.000000E+00   0.000000E+00   0.000000E+00   0.000000E+00   0.000000E+00   0.000000E+00
   0.250000E-01  -0.423011E-03  -0.110403E-06   0.518014E-02   0.000000E+00   0.000000E+00   0.000000E+00
   0.750000E-01  -0.136782E-02  -0.111083E-06   0.546875E-02   0.000000E+00   0.000000E+00   0.000000E+00
   0.125000E+00  -0.229452E-02  -0.100818E-06   0.502664E-02   0.000000E+00   0.000000E+00   0.000000E+00
   0.175000E+00  -0.303333E-02  -0.867778E-07   0.456831E-02   0.000000E+00   0.000000E+00   0.000000E+00
   0.225000E+00  -0.374304E-02  -0.747503E-07   0.392490E-02   0.000000E+00   0.000000E+00   0.000000E+00
   0.275000E+00  -0.423663E-02  -0.579015E-07   0.326982E-02   0.000000E+00   0.000000E+00   0.000000E+00
   0.325000E+00  -0.469229E-02  -0.471128E-07   0.256578E-02   0.000000E+00   0.000000E+00   0.000000E+00
   0.375000E+00  -0.496697E-02  -0.320487E-07   0.183399E-02   0.000000E+00   0.000000E+00   0.000000E+00
   0.425000E+00  -0.518842E-02  -0.231520E-07   0.112731E-02   0.000000E+00   0.000000E+00   0.000000E+00
   0.475000E+00  -0.527746E-02  -0.110722E-07   0.373209E-03   0.000000E+00   0.000000E+00   0.000000E+00
   0.525000E+00  -0.528557E-02  -0.361311E-08  -0.326333E-03   0.000000E+00   0.000000E+00   0.000000E+00
   0.575000E+00  -0.520271E-02   0.611416E-08  -0.108553E-02   0.000000E+00   0.000000E+00   0.000000E+00
   0.625000E+00  -0.499509E-02   0.127104E-07  -0.178449E-02   0.000000E+00   0.000000E+00   0.000000E+00
   0.675000E+00  -0.472686E-02   0.212519E-07  -0.253077E-02   0.000000E+00   0.000000E+00   0.000000E+00
   0.725000E+00  -0.427771E-02   0.272229E-07  -0.322186E-02   0.000000E+00   0.000000E+00   0.000000E+00
   0.775000E+00  -0.378908E-02   0.353007E-07  -0.389757E-02   0.000000E+00   0.000000E+00   0.000000E+00
   0.825000E+00  -0.307399E-02   0.405548E-07  -0.452813E-02   0.000000E+00   0.000000E+00   0.000000E+00
   0.875000E+00  -0.233397E-02   0.472585E-07  -0.500537E-02   0.000000E+00   0.000000E+00   0.000000E+00
   0.925000E+00  -0.138909E-02   0.514074E-07  -0.544176E-02   0.000000E+00   0.000000E+00   0.000000E+00
   0.975000E+00  -0.432981E-03   0.509124E-07  -0.515771E-02   0.000000E+00   0.000000E+00   0.000000E+00
   0.100000E+01   0.000000E+00   0.000000E+00   0.000000E+00   0.000000E+00   0.000000E+00   0.000000E+00
 VARIABLES = "X","U","V","W","T","Q","VP"
 ZONE I =          22 ,F=POINT
   0.000000E+00   0.000000E+00   0.000000E+00   0.000000E+00   0.000000E+00   0.000000E+00   0.000000E+00
   0.250000E-01  -0.438397E-03  -0.126332E-06   0.539364E-02   0.000000E+00   0.000000E+00   0.000000E+00
   0.750000E-01  -0.142496E-02  -0.127335E-06   0.571327E-02   0.000000E+00   0.000000E+00   0.000000E+00
   0.125000E+00  -0.239256E-02  -0.115530E-06   0.525258E-02   0.000000E+00   0.000000E+00   0.000000E+00
   0.175000E+00  -0.316477E-02  -0.994748E-07   0.477477E-02   0.000000E+00   0.000000E+00   0.000000E+00
   0.225000E+00  -0.390624E-02  -0.856231E-07   0.410213E-02   0.000000E+00   0.000000E+00   0.000000E+00
   0.275000E+00  -0.442244E-02  -0.663661E-07   0.341866E-02   0.000000E+00   0.000000E+00   0.000000E+00
   0.325000E+00  -0.489893E-02  -0.539625E-07   0.268251E-02   0.000000E+00   0.000000E+00   0.000000E+00
   0.375000E+00  -0.518637E-02  -0.367910E-07   0.191856E-02   0.000000E+00   0.000000E+00   0.000000E+00
   0.425000E+00  -0.541843E-02  -0.265994E-07   0.117984E-02   0.000000E+00   0.000000E+00   0.000000E+00
   0.475000E+00  -0.551180E-02  -0.129127E-07   0.392136E-03   0.000000E+00   0.000000E+00   0.000000E+00
   0.525000E+00  -0.552103E-02  -0.441232E-08  -0.338793E-03   0.000000E+00   0.000000E+00   0.000000E+00
   0.575000E+00  -0.543471E-02   0.649852E-08  -0.113228E-02   0.000000E+00   0.000000E+00   0.000000E+00
   0.625000E+00  -0.521837E-02   0.139634E-07  -0.186227E-02   0.000000E+00   0.000000E+00   0.000000E+00
   0.675000E+00  -0.493829E-02   0.234387E-07  -0.264268E-02   0.000000E+00   0.000000E+00   0.000000E+00
   0.725000E+00  -0.446919E-02   0.301356E-07  -0.336419E-02   0.000000E+00   0.000000E+00   0.000000E+00
   0.775000E+00  -0.395863E-02   0.390451E-07  -0.407109E-02   0.000000E+00   0.000000E+00   0.000000E+00
   0.825000E+00  -0.321103E-02   0.448804E-07  -0.472924E-02   0.000000E+00   0.000000E+00   0.000000E+00
   0.875000E+00  -0.243741E-02   0.522832E-07  -0.522851E-02   0.000000E+00   0.000000E+00   0.000000E+00
   0.925000E+00  -0.144913E-02   0.568620E-07  -0.568278E-02   0.000000E+00   0.000000E+00   0.000000E+00
   0.975000E+00  -0.449680E-03   0.561858E-07  -0.536830E-02   0.000000E+00   0.000000E+00   0.000000E+00
   0.100000E+01   0.000000E+00   0.000000E+00   0.000000E+00   0.000000E+00   0.000000E+00   0.000000E+00
 VARIABLES = "X","U","V","W","T","Q","VP"
 ZONE I =          22 ,F=POINT
   0.000000E+00   0.000000E+00   0.000000E+00   0.000000E+00   0.000000E+00   0.000000E+00   0.000000E+00
   0.250000E-01  -0.453403E-03  -0.143660E-06   0.560444E-02   0.000000E+00   0.000000E+00   0.000000E+00
   0.750000E-01  -0.148139E-02  -0.145057E-06   0.595641E-02   0.000000E+00   0.000000E+00   0.000000E+00
   0.125000E+00  -0.248962E-02  -0.131569E-06   0.547739E-02   0.000000E+00   0.000000E+00   0.000000E+00
   0.175000E+00  -0.329506E-02  -0.113323E-06   0.498033E-02   0.000000E+00   0.000000E+00   0.000000E+00
   0.225000E+00  -0.406813E-02  -0.974731E-07   0.427858E-02   0.000000E+00   0.000000E+00   0.000000E+00
   0.275000E+00  -0.460686E-02  -0.755987E-07   0.356698E-02   0.000000E+00   0.000000E+00   0.000000E+00
   0.325000E+00  -0.510413E-02  -0.614279E-07   0.279883E-02   0.000000E+00   0.000000E+00   0.000000E+00
   0.375000E+00  -0.540431E-02  -0.419718E-07   0.200296E-02   0.000000E+00   0.000000E+00   0.000000E+00
   0.425000E+00  -0.564701E-02  -0.303675E-07   0.123234E-02   0.000000E+00   0.000000E+00   0.000000E+00
   0.475000E+00  -0.574474E-02  -0.149499E-07   0.411231E-03   0.000000E+00   0.000000E+00   0.000000E+00
   0.525000E+00  -0.575516E-02  -0.531981E-08  -0.350910E-03   0.000000E+00   0.000000E+00   0.000000E+00
   0.575000E+00  -0.566543E-02   0.684905E-08  -0.117855E-02   0.000000E+00   0.000000E+00   0.000000E+00
   0.625000E+00  -0.544050E-02   0.152485E-07  -0.193936E-02   0.000000E+00   0.000000E+00   0.000000E+00
   0.675000E+00  -0.514866E-02   0.256982E-07  -0.275381E-02   0.000000E+00   0.000000E+00   0.000000E+00
   0.725000E+00  -0.465973E-02   0.331656E-07  -0.350551E-02   0.000000E+00   0.000000E+00   0.000000E+00
   0.775000E+00  -0.412737E-02   0.429327E-07  -0.424356E-02   0.000000E+00   0.000000E+00   0.000000E+00
   0.825000E+00  -0.334737E-02   0.493741E-07  -0.492906E-02   0.000000E+00   0.000000E+00   0.000000E+00
   0.875000E+00  -0.254030E-02   0.574990E-07  -0.545034E-02   0.000000E+00   0.000000E+00   0.000000E+00
   0.925000E+00  -0.150869E-02   0.625201E-07  -0.592219E-02   0.000000E+00   0.000000E+00   0.000000E+00
   0.975000E+00  -0.466093E-03   0.616325E-07  -0.557600E-02   0.000000E+00   0.000000E+00   0.000000E+00
   0.100000E+01   0.000000E+00   0.000000E+00   0.000000E+00   0.000000E+00   0.000000E+00   0.000000E+00
 VARIABLES = "X","U","V","W","T","Q","VP"
 ZONE I =          22 ,F=POINT
   0.000000E+00   0.000000E+00   0.000000E+00   0.000000E+00   0.000000E+00   0.000000E+00   0.000000E+00
   0.250000E-01  -0.468035E-03  -0.162428E-06   0.581258E-02   0.000000E+00   0.000000E+00   0.000000E+00
   0.750000E-01  -0.153713E-02  -0.164299E-06   0.619818E-02   0.000000E+00   0.000000E+00   0.000000E+00
   0.125000E+00  -0.258570E-02  -0.148979E-06   0.570109E-02   0.000000E+00   0.000000E+00   0.000000E+00
   0.175000E+00  -0.342421E-02  -0.128363E-06   0.518499E-02   0.000000E+00   0.000000E+00   0.000000E+00
   0.225000E+00  -0.422871E-02  -0.110333E-06   0.445426E-02   0.000000E+00   0.000000E+00   0.000000E+00
   0.275000E+00  -0.478989E-02  -0.856261E-07   0.371478E-02   0.000000E+00   0.000000E+00   0.000000E+00
   0.325000E+00  -0.530790E-02  -0.695294E-07   0.291476E-02   0.000000E+00   0.000000E+00   0.000000E+00
   0.375000E+00  -0.562080E-02  -0.476070E-07   0.208720E-02   0.000000E+00   0.000000E+00   0.000000E+00
   0.425000E+00  -0.587418E-02  -0.344674E-07   0.128482E-02   0.000000E+00   0.000000E+00   0.000000E+00
   0.475000E+00  -0.597627E-02  -0.171936E-07   0.430499E-03   0.000000E+00   0.000000E+00   0.000000E+00
   0.525000E+00  -0.598798E-02  -0.634190E-08  -0.362679E-03   0.000000E+00   0.000000E+00   0.000000E+00
   0.575000E+00  -0.589491E-02   0.715854E-08  -0.122434E-02   0.000000E+00   0.000000E+00   0.000000E+00
   0.625000E+00  -0.566149E-02   0.165599E-07  -0.201574E-02   0.000000E+00   0.000000E+00   0.000000E+00
   0.675000E+00  -0.535799E-02   0.280219E-07  -0.286415E-02   0.000000E+00   0.000000E+00   0.000000E+00
   0.725000E+00  -0.484936E-02   0.363044E-07  -0.364581E-02   0.000000E+00   0.000000E+00   0.000000E+00
   0.775000E+00  -0.429532E-02   0.469509E-07  -0.441497E-02   0.000000E+00   0.000000E+00   0.000000E+00
   0.825000E+00  -0.348302E-02   0.540221E-07  -0.512759E-02   0.000000E+00   0.000000E+00   0.000000E+00
   0.875000E+00  -0.264264E-02   0.628890E-07  -0.567087E-02   0.000000E+00   0.000000E+00   0.000000E+00
   0.925000E+00  -0.156779E-02   0.683630E-07  -0.616000E-02   0.000000E+00   0.000000E+00   0.000000E+00
   0.975000E+00  -0.482226E-03   0.672319E-07  -0.578086E-02   0.000000E+00   0.000000E+00   0.000000E+00
   0.100000E+01   0.000000E+00   0.000000E+00   0.000000E+00   0.000000E+00   0.000000E+00   0.000000E+00
 VARIABLES = "X","U","V","W","T","Q","VP"
 ZONE I =          22 ,F=POINT
   0.000000E+00   0.000000E+00   0.000000E+00   0.000000E+00   0.000000E+00   0.000000E+00   0.000000E+00
   0.250000E-01  -0.482300E-03  -0.182676E-06   0.601810E-02   0.000000E+00   0.000000E+00   0.000000E+00
   0.750000E-01  -0.159217E-02  -0.185108E-06   0.643858E-02   0.000000E+00   0.000000E+00   0.000000E+00
   0.125000E+00  -0.268081E-02  -0.167804E-06   0.592369E-02   0.000000E+00   0.000000E+00   0.000000E+00
   0.175000E+00  -0.355222E-02  -0.144632E-06   0.538876E-02   0.000000E+00   0.000000E+00   0.000000E+00
   0.225000E+00  -0.438799E-02  -0.124234E-06   0.462918E-02   0.000000E+00   0.000000E+00   0.000000E+00
   0.275000E+00  -0.497156E-02  -0.964741E-07   0.386206E-02   0.000000E+00   0.000000E+00   0.000000E+00
   0.325000E+00  -0.551025E-02  -0.782864E-07   0.303030E-02   0.000000E+00   0.000000E+00   0.000000E+00
   0.375000E+00  -0.583585E-02  -0.537122E-07   0.217129E-02   0.000000E+00   0.000000E+00   0.000000E+00
   0.425000E+00  -0.609994E-02  -0.389099E-07   0.133730E-02   0.000000E+00   0.000000E+00   0.000000E+00
   0.475000E+00  -0.620643E-02  -0.196530E-07   0.449943E-03   0.000000E+00   0.000000E+00   0.000000E+00
   0.525000E+00  -0.621951E-02  -0.748463E-08  -0.374094E-03   0.000000E+00   0.000000E+00   0.000000E+00
   0.575000E+00  -0.612315E-02   0.741971E-08  -0.126963E-02   0.000000E+00   0.000000E+00   0.000000E+00
   0.625000E+00  -0.588137E-02   0.178923E-07  -0.209143E-02   0.000000E+00   0.000000E+00   0.000000E+00
   0.675000E+00  -0.556629E-02   0.304008E-07  -0.297373E-02   0.000000E+00   0.000000E+00   0.000000E+00
   0.725000E+00  -0.503808E-02   0.395432E-07  -0.378510E-02   0.000000E+00   0.000000E+00   0.000000E+00
   0.775000E+00  -0.446250E-02   0.510869E-07  -0.458534E-02   0.000000E+00   0.000000E+00   0.000000E+00
   0.825000E+00  -0.361800E-02   0.588102E-07  -0.532485E-02   0.000000E+00   0.000000E+00   0.000000E+00
   0.875000E+00  -0.274445E-02   0.684356E-07  -0.589012E-02   0.000000E+00   0.000000E+00   0.000000E+00
   0.925000E+00  -0.162643E-02   0.743710E-07  -0.639622E-02   0.000000E+00   0.000000E+00   0.000000E+00
   0.975000E+00  -0.498087E-03   0.729626E-07  -0.598290E-02   0.000000E+00   0.000000E+00   0.000000E+00
   0.100000E+01   0.000000E+00   0.000000E+00   0.000000E+00   0.000000E+00   0.000000E+00   0.000000E+00
