 VARIABLES = "Y","U","V","W","T","Q","VP","EY"
 ZONE J =          22 ,F=POINT
   0.000000E+00   0.000000E+00   0.000000E+00   0.000000E+00   0.000000E+00   0.000000E+00   0.000000E+00   0.000000E+00
   0.250000E-01  -0.271165E-03   0.151976E-09   0.178681E-04   0.000000E+00   0.000000E+00   0.000000E+00   0.000000E+00
   0.750000E-01  -0.272150E-03   0.102920E-09   0.179329E-04   0.000000E+00   0.000000E+00   0.000000E+00   0.000000E+00
   0.125000E+00  -0.272151E-03   0.860699E-10   0.179330E-04   0.000000E+00   0.000000E+00   0.000000E+00   0.000000E+00
   0.175000E+00  -0.272151E-03   0.510416E-10   0.179330E-04   0.000000E+00   0.000000E+00   0.000000E+00   0.000000E+00
   0.225000E+00  -0.272150E-03   0.396508E-10   0.179330E-04   0.000000E+00   0.000000E+00   0.000000E+00   0.000000E+00
   0.275000E+00  -0.272150E-03   0.201106E-10   0.179330E-04   0.000000E+00   0.000000E+00   0.000000E+00   0.000000E+00
   0.325000E+00  -0.272150E-03   0.145743E-10   0.179330E-04   0.000000E+00   0.000000E+00   0.000000E+00   0.000000E+00
   0.375000E+00  -0.272150E-03   0.571466E-11   0.179330E-04   0.000000E+00   0.000000E+00   0.000000E+00   0.000000E+00
   0.425000E+00  -0.272150E-03   0.400549E-11   0.179330E-04   0.000000E+00   0.000000E+00   0.000000E+00   0.000000E+00
   0.475000E+00  -0.272150E-03   0.216020E-12   0.179330E-04   0.000000E+00   0.000000E+00   0.000000E+00   0.000000E+00
   0.525000E+00  -0.272150E-03  -0.217710E-12   0.179330E-04   0.000000E+00   0.000000E+00   0.000000E+00   0.000000E+00
   0.575000E+00  -0.272150E-03  -0.400715E-11   0.179330E-04   0.000000E+00   0.000000E+00   0.000000E+00   0.000000E+00
   0.625000E+00  -0.272150E-03  -0.571625E-11   0.179330E-04   0.000000E+00   0.000000E+00   0.000000E+00   0.000000E+00
   0.675000E+00  -0.272150E-03  -0.145758E-10   0.179330E-04   0.000000E+00   0.000000E+00   0.000000E+00   0.000000E+00
   0.725000E+00  -0.272150E-03  -0.201120E-10   0.179330E-04   0.000000E+00   0.000000E+00   0.000000E+00   0.000000E+00
   0.775000E+00  -0.272150E-03  -0.396520E-10   0.179330E-04   0.000000E+00   0.000000E+00   0.000000E+00   0.000000E+00
   0.825000E+00  -0.272151E-03  -0.510426E-10   0.179330E-04   0.000000E+00   0.000000E+00   0.000000E+00   0.000000E+00
   0.875000E+00  -0.272151E-03  -0.860708E-10   0.179330E-04   0.000000E+00   0.000000E+00   0.000000E+00   0.000000E+00
   0.925000E+00  -0.272150E-03  -0.102921E-09   0.179329E-04   0.000000E+00   0.000000E+00   0.000000E+00   0.000000E+00
   0.975000E+00  -0.271165E-03  -0.151977E-09   0.178681E-04   0.000000E+00   0.000000E+00   0.000000E+00   0.000000E+00
   0.100000E+01   0.000000E+00   0.000000E+00   0.000000E+00   0.000000E+00   0.000000E+00   0.000000E+00   0.000000E+00
 VARIABLES = "Y","U","V","W","T","Q","VP","EY"
 ZONE J =          22 ,F=POINT
   0.000000E+00   0.000000E+00   0.000000E+00   0.000000E+00   0.000000E+00   0.000000E+00   0.000000E+00   0.000000E+00
   0.250000E-01  -0.534165E-03   0.237540E-09   0.351489E-04   0.000000E+00   0.000000E+00   0.000000E+00   0.000000E+00
   0.750000E-01  -0.538015E-03   0.139370E-09   0.354021E-04   0.000000E+00   0.000000E+00   0.000000E+00   0.000000E+00
   0.125000E+00  -0.538022E-03   0.101071E-09   0.354027E-04   0.000000E+00   0.000000E+00   0.000000E+00   0.000000E+00
   0.175000E+00  -0.538022E-03   0.348547E-10   0.354027E-04   0.000000E+00   0.000000E+00   0.000000E+00   0.000000E+00
   0.225000E+00  -0.538020E-03   0.133499E-10   0.354026E-04   0.000000E+00   0.000000E+00   0.000000E+00   0.000000E+00
   0.275000E+00  -0.538020E-03  -0.155048E-10   0.354026E-04   0.000000E+00   0.000000E+00   0.000000E+00   0.000000E+00
   0.325000E+00  -0.538019E-03  -0.199019E-10   0.354026E-04   0.000000E+00   0.000000E+00   0.000000E+00   0.000000E+00
   0.375000E+00  -0.538019E-03  -0.223051E-10   0.354025E-04   0.000000E+00   0.000000E+00   0.000000E+00   0.000000E+00
   0.425000E+00  -0.538019E-03  -0.155760E-10   0.354025E-04   0.000000E+00   0.000000E+00   0.000000E+00   0.000000E+00
   0.475000E+00  -0.538018E-03  -0.522136E-11   0.354025E-04   0.000000E+00   0.000000E+00   0.000000E+00   0.000000E+00
   0.525000E+00  -0.538018E-03   0.522111E-11   0.354025E-04   0.000000E+00   0.000000E+00   0.000000E+00   0.000000E+00
   0.575000E+00  -0.538019E-03   0.155757E-10   0.354025E-04   0.000000E+00   0.000000E+00   0.000000E+00   0.000000E+00
   0.625000E+00  -0.538019E-03   0.223049E-10   0.354025E-04   0.000000E+00   0.000000E+00   0.000000E+00   0.000000E+00
   0.675000E+00  -0.538019E-03   0.199017E-10   0.354026E-04   0.000000E+00   0.000000E+00   0.000000E+00   0.000000E+00
   0.725000E+00  -0.538020E-03   0.155046E-10   0.354026E-04   0.000000E+00   0.000000E+00   0.000000E+00   0.000000E+00
   0.775000E+00  -0.538020E-03  -0.133501E-10   0.354026E-04   0.000000E+00   0.000000E+00   0.000000E+00   0.000000E+00
   0.825000E+00  -0.538022E-03  -0.348548E-10   0.354027E-04   0.000000E+00   0.000000E+00   0.000000E+00   0.000000E+00
   0.875000E+00  -0.538022E-03  -0.101071E-09   0.354027E-04   0.000000E+00   0.000000E+00   0.000000E+00   0.000000E+00
   0.925000E+00  -0.538015E-03  -0.139370E-09   0.354021E-04   0.000000E+00   0.000000E+00   0.000000E+00   0.000000E+00
   0.975000E+00  -0.534165E-03  -0.237540E-09   0.351489E-04   0.000000E+00   0.000000E+00   0.000000E+00   0.000000E+00
   0.100000E+01   0.000000E+00   0.000000E+00   0.000000E+00   0.000000E+00   0.000000E+00   0.000000E+00   0.000000E+00
 VARIABLES = "Y","U","V","W","T","Q","VP","EY"
 ZONE J =          22 ,F=POINT
   0.000000E+00   0.000000E+00   0.000000E+00   0.000000E+00   0.000000E+00   0.000000E+00   0.000000E+00   0.000000E+00
   0.250000E-01  -0.793351E-03   0.255094E-09   0.522137E-04   0.000000E+00   0.000000E+00   0.000000E+00   0.000000E+00
   0.750000E-01  -0.801894E-03   0.101163E-09   0.527757E-04   0.000000E+00   0.000000E+00   0.000000E+00   0.000000E+00
   0.125000E+00  -0.801921E-03   0.332652E-10   0.527776E-04   0.000000E+00   0.000000E+00   0.000000E+00   0.000000E+00
   0.175000E+00  -0.801920E-03  -0.623849E-10   0.527775E-04   0.000000E+00   0.000000E+00   0.000000E+00   0.000000E+00
   0.225000E+00  -0.801918E-03  -0.937796E-10   0.527774E-04   0.000000E+00   0.000000E+00   0.000000E+00   0.000000E+00
   0.275000E+00  -0.801917E-03  -0.121032E-09   0.527774E-04   0.000000E+00   0.000000E+00   0.000000E+00   0.000000E+00
   0.325000E+00  -0.801916E-03  -0.115476E-09   0.527773E-04   0.000000E+00   0.000000E+00   0.000000E+00   0.000000E+00
   0.375000E+00  -0.801915E-03  -0.939045E-10   0.527773E-04   0.000000E+00   0.000000E+00   0.000000E+00   0.000000E+00
   0.425000E+00  -0.801915E-03  -0.641768E-10   0.527773E-04   0.000000E+00   0.000000E+00   0.000000E+00   0.000000E+00
   0.475000E+00  -0.801915E-03  -0.189140E-10   0.527772E-04   0.000000E+00   0.000000E+00   0.000000E+00   0.000000E+00
   0.525000E+00  -0.801915E-03   0.189138E-10   0.527772E-04   0.000000E+00   0.000000E+00   0.000000E+00   0.000000E+00
   0.575000E+00  -0.801915E-03   0.641766E-10   0.527773E-04   0.000000E+00   0.000000E+00   0.000000E+00   0.000000E+00
   0.625000E+00  -0.801915E-03   0.939043E-10   0.527773E-04   0.000000E+00   0.000000E+00   0.000000E+00   0.000000E+00
   0.675000E+00  -0.801916E-03   0.115476E-09   0.527773E-04   0.000000E+00   0.000000E+00   0.000000E+00   0.000000E+00
   0.725000E+00  -0.801917E-03   0.121032E-09   0.527774E-04   0.000000E+00   0.000000E+00   0.000000E+00   0.000000E+00
   0.775000E+00  -0.801918E-03   0.937795E-10   0.527774E-04   0.000000E+00   0.000000E+00   0.000000E+00   0.000000E+00
   0.825000E+00  -0.801920E-03   0.623848E-10   0.527775E-04   0.000000E+00   0.000000E+00   0.000000E+00   0.000000E+00
   0.875000E+00  -0.801921E-03  -0.332653E-10   0.527776E-04   0.000000E+00   0.000000E+00   0.000000E+00   0.000000E+00
   0.925000E+00  -0.801894E-03  -0.101163E-09   0.527757E-04   0.000000E+00   0.000000E+00   0.000000E+00   0.000000E+00
   0.975000E+00  -0.793351E-03  -0.255094E-09   0.522137E-04   0.000000E+00   0.000000E+00   0.000000E+00   0.000000E+00
   0.100000E+01   0.000000E+00   0.000000E+00   0.000000E+00   0.000000E+00   0.000000E+00   0.000000E+00   0.000000E+00
 VARIABLES = "Y","U","V","W","T","Q","VP","EY"
 ZONE J =          22 ,F=POINT
   0.000000E+00   0.000000E+00   0.000000E+00   0.000000E+00   0.000000E+00   0.000000E+00   0.000000E+00   0.000000E+00
   0.250000E-01  -0.104902E-02   0.172908E-09   0.691208E-04   0.000000E+00   0.000000E+00   0.000000E+00   0.000000E+00
   0.750000E-01  -0.106405E-02  -0.506446E-10   0.701094E-04   0.000000E+00   0.000000E+00   0.000000E+00   0.000000E+00
   0.125000E+00  -0.106412E-02  -0.162696E-09   0.701140E-04   0.000000E+00   0.000000E+00   0.000000E+00   0.000000E+00
   0.175000E+00  -0.106411E-02  -0.286765E-09   0.701139E-04   0.000000E+00   0.000000E+00   0.000000E+00   0.000000E+00
   0.225000E+00  -0.106411E-02  -0.327888E-09   0.701138E-04   0.000000E+00   0.000000E+00   0.000000E+00   0.000000E+00
   0.275000E+00  -0.106411E-02  -0.337789E-09   0.701137E-04   0.000000E+00   0.000000E+00   0.000000E+00   0.000000E+00
   0.325000E+00  -0.106411E-02  -0.307465E-09   0.701136E-04   0.000000E+00   0.000000E+00   0.000000E+00   0.000000E+00
   0.375000E+00  -0.106411E-02  -0.235594E-09   0.701136E-04   0.000000E+00   0.000000E+00   0.000000E+00   0.000000E+00
   0.425000E+00  -0.106411E-02  -0.158266E-09   0.701135E-04   0.000000E+00   0.000000E+00   0.000000E+00   0.000000E+00
   0.475000E+00  -0.106411E-02  -0.465731E-10   0.701135E-04   0.000000E+00   0.000000E+00   0.000000E+00   0.000000E+00
   0.525000E+00  -0.106411E-02   0.465730E-10   0.701135E-04   0.000000E+00   0.000000E+00   0.000000E+00   0.000000E+00
   0.575000E+00  -0.106411E-02   0.158265E-09   0.701135E-04   0.000000E+00   0.000000E+00   0.000000E+00   0.000000E+00
   0.625000E+00  -0.106411E-02   0.235593E-09   0.701136E-04   0.000000E+00   0.000000E+00   0.000000E+00   0.000000E+00
   0.675000E+00  -0.106411E-02   0.307465E-09   0.701136E-04   0.000000E+00   0.000000E+00   0.000000E+00   0.000000E+00
   0.725000E+00  -0.106411E-02   0.337788E-09   0.701137E-04   0.000000E+00   0.000000E+00   0.000000E+00   0.000000E+00
   0.775000E+00  -0.106411E-02   0.327888E-09   0.701138E-04   0.000000E+00   0.000000E+00   0.000000E+00   0.000000E+00
   0.825000E+00  -0.106411E-02   0.286765E-09   0.701139E-04   0.000000E+00   0.000000E+00   0.000000E+00   0.000000E+00
   0.875000E+00  -0.106412E-02   0.162696E-09   0.701140E-04   0.000000E+00   0.000000E+00   0.000000E+00   0.000000E+00
   0.925000E+00  -0.106405E-02   0.506445E-10   0.701094E-04   0.000000E+00   0.000000E+00   0.000000E+00   0.000000E+00
   0.975000E+00  -0.104902E-02  -0.172908E-09   0.691208E-04   0.000000E+00   0.000000E+00   0.000000E+00   0.000000E+00
   0.100000E+01   0.000000E+00   0.000000E+00   0.000000E+00   0.000000E+00   0.000000E+00   0.000000E+00   0.000000E+00
 VARIABLES = "Y","U","V","W","T","Q","VP","EY"
 ZONE J =          22 ,F=POINT
   0.000000E+00   0.000000E+00   0.000000E+00   0.000000E+00   0.000000E+00   0.000000E+00   0.000000E+00   0.000000E+00
   0.250000E-01  -0.130123E-02  -0.587675E-10   0.858914E-04   0.000000E+00   0.000000E+00   0.000000E+00   0.000000E+00
   0.750000E-01  -0.132450E-02  -0.373441E-09   0.874226E-04   0.000000E+00   0.000000E+00   0.000000E+00   0.000000E+00
   0.125000E+00  -0.132464E-02  -0.549637E-09   0.874316E-04   0.000000E+00   0.000000E+00   0.000000E+00   0.000000E+00
   0.175000E+00  -0.132463E-02  -0.700343E-09   0.874315E-04   0.000000E+00   0.000000E+00   0.000000E+00   0.000000E+00
   0.225000E+00  -0.132463E-02  -0.749736E-09   0.874314E-04   0.000000E+00   0.000000E+00   0.000000E+00   0.000000E+00
   0.275000E+00  -0.132463E-02  -0.718984E-09   0.874313E-04   0.000000E+00   0.000000E+00   0.000000E+00   0.000000E+00
   0.325000E+00  -0.132462E-02  -0.641468E-09   0.874312E-04   0.000000E+00   0.000000E+00   0.000000E+00   0.000000E+00
   0.375000E+00  -0.132462E-02  -0.480584E-09   0.874312E-04   0.000000E+00   0.000000E+00   0.000000E+00   0.000000E+00
   0.425000E+00  -0.132462E-02  -0.319243E-09   0.874311E-04   0.000000E+00   0.000000E+00   0.000000E+00   0.000000E+00
   0.475000E+00  -0.132462E-02  -0.948218E-10   0.874311E-04   0.000000E+00   0.000000E+00   0.000000E+00   0.000000E+00
   0.525000E+00  -0.132462E-02   0.948216E-10   0.874311E-04   0.000000E+00   0.000000E+00   0.000000E+00   0.000000E+00
   0.575000E+00  -0.132462E-02   0.319243E-09   0.874311E-04   0.000000E+00   0.000000E+00   0.000000E+00   0.000000E+00
   0.625000E+00  -0.132462E-02   0.480584E-09   0.874312E-04   0.000000E+00   0.000000E+00   0.000000E+00   0.000000E+00
   0.675000E+00  -0.132462E-02   0.641468E-09   0.874312E-04   0.000000E+00   0.000000E+00   0.000000E+00   0.000000E+00
   0.725000E+00  -0.132463E-02   0.718984E-09   0.874313E-04   0.000000E+00   0.000000E+00   0.000000E+00   0.000000E+00
   0.775000E+00  -0.132463E-02   0.749735E-09   0.874314E-04   0.000000E+00   0.000000E+00   0.000000E+00   0.000000E+00
   0.825000E+00  -0.132463E-02   0.700343E-09   0.874315E-04   0.000000E+00   0.000000E+00   0.000000E+00   0.000000E+00
   0.875000E+00  -0.132464E-02   0.549637E-09   0.874316E-04   0.000000E+00   0.000000E+00   0.000000E+00   0.000000E+00
   0.925000E+00  -0.132450E-02   0.373441E-09   0.874226E-04   0.000000E+00   0.000000E+00   0.000000E+00   0.000000E+00
   0.975000E+00  -0.130123E-02   0.587675E-10   0.858914E-04   0.000000E+00   0.000000E+00   0.000000E+00   0.000000E+00
   0.100000E+01   0.000000E+00   0.000000E+00   0.000000E+00   0.000000E+00   0.000000E+00   0.000000E+00   0.000000E+00
 VARIABLES = "Y","U","V","W","T","Q","VP","EY"
 ZONE J =          22 ,F=POINT
   0.000000E+00   0.000000E+00   0.000000E+00   0.000000E+00   0.000000E+00   0.000000E+00   0.000000E+00   0.000000E+00
   0.250000E-01  -0.155004E-02  -0.497810E-09   0.102544E-03   0.000000E+00   0.000000E+00   0.000000E+00   0.000000E+00
   0.750000E-01  -0.158327E-02  -0.933942E-09   0.104732E-03   0.000000E+00   0.000000E+00   0.000000E+00   0.000000E+00
   0.125000E+00  -0.158350E-02  -0.119969E-08   0.104747E-03   0.000000E+00   0.000000E+00   0.000000E+00   0.000000E+00
   0.175000E+00  -0.158349E-02  -0.137407E-08   0.104747E-03   0.000000E+00   0.000000E+00   0.000000E+00   0.000000E+00
   0.225000E+00  -0.158349E-02  -0.142827E-08   0.104747E-03   0.000000E+00   0.000000E+00   0.000000E+00   0.000000E+00
   0.275000E+00  -0.158348E-02  -0.132488E-08   0.104747E-03   0.000000E+00   0.000000E+00   0.000000E+00   0.000000E+00
   0.325000E+00  -0.158348E-02  -0.116895E-08   0.104747E-03   0.000000E+00   0.000000E+00   0.000000E+00   0.000000E+00
   0.375000E+00  -0.158348E-02  -0.866292E-09   0.104747E-03   0.000000E+00   0.000000E+00   0.000000E+00   0.000000E+00
   0.425000E+00  -0.158348E-02  -0.571232E-09   0.104747E-03   0.000000E+00   0.000000E+00   0.000000E+00   0.000000E+00
   0.475000E+00  -0.158348E-02  -0.171075E-09   0.104747E-03   0.000000E+00   0.000000E+00   0.000000E+00   0.000000E+00
   0.525000E+00  -0.158348E-02   0.171075E-09   0.104747E-03   0.000000E+00   0.000000E+00   0.000000E+00   0.000000E+00
   0.575000E+00  -0.158348E-02   0.571232E-09   0.104747E-03   0.000000E+00   0.000000E+00   0.000000E+00   0.000000E+00
   0.625000E+00  -0.158348E-02   0.866291E-09   0.104747E-03   0.000000E+00   0.000000E+00   0.000000E+00   0.000000E+00
   0.675000E+00  -0.158348E-02   0.116895E-08   0.104747E-03   0.000000E+00   0.000000E+00   0.000000E+00   0.000000E+00
   0.725000E+00  -0.158348E-02   0.132488E-08   0.104747E-03   0.000000E+00   0.000000E+00   0.000000E+00   0.000000E+00
   0.775000E+00  -0.158349E-02   0.142827E-08   0.104747E-03   0.000000E+00   0.000000E+00   0.000000E+00   0.000000E+00
   0.825000E+00  -0.158349E-02   0.137407E-08   0.104747E-03   0.000000E+00   0.000000E+00   0.000000E+00   0.000000E+00
   0.875000E+00  -0.158350E-02   0.119969E-08   0.104747E-03   0.000000E+00   0.000000E+00   0.000000E+00   0.000000E+00
   0.925000E+00  -0.158327E-02   0.933942E-09   0.104732E-03   0.000000E+00   0.000000E+00   0.000000E+00   0.000000E+00
   0.975000E+00  -0.155004E-02   0.497810E-09   0.102544E-03   0.000000E+00   0.000000E+00   0.000000E+00   0.000000E+00
   0.100000E+01   0.000000E+00   0.000000E+00   0.000000E+00   0.000000E+00   0.000000E+00   0.000000E+00   0.000000E+00
 VARIABLES = "Y","U","V","W","T","Q","VP","EY"
 ZONE J =          22 ,F=POINT
   0.000000E+00   0.000000E+00   0.000000E+00   0.000000E+00   0.000000E+00   0.000000E+00   0.000000E+00   0.000000E+00
   0.250000E-01  -0.179547E-02  -0.120914E-08   0.119095E-03   0.000000E+00   0.000000E+00   0.000000E+00   0.000000E+00
   0.750000E-01  -0.184035E-02  -0.180710E-08   0.122053E-03   0.000000E+00   0.000000E+00   0.000000E+00   0.000000E+00
   0.125000E+00  -0.184071E-02  -0.219314E-08   0.122077E-03   0.000000E+00   0.000000E+00   0.000000E+00   0.000000E+00
   0.175000E+00  -0.184071E-02  -0.238666E-08   0.122077E-03   0.000000E+00   0.000000E+00   0.000000E+00   0.000000E+00
   0.225000E+00  -0.184070E-02  -0.243953E-08   0.122077E-03   0.000000E+00   0.000000E+00   0.000000E+00   0.000000E+00
   0.275000E+00  -0.184070E-02  -0.222181E-08   0.122077E-03   0.000000E+00   0.000000E+00   0.000000E+00   0.000000E+00
   0.325000E+00  -0.184069E-02  -0.194640E-08   0.122077E-03   0.000000E+00   0.000000E+00   0.000000E+00   0.000000E+00
   0.375000E+00  -0.184069E-02  -0.143374E-08   0.122077E-03   0.000000E+00   0.000000E+00   0.000000E+00   0.000000E+00
   0.425000E+00  -0.184069E-02  -0.940684E-09   0.122077E-03   0.000000E+00   0.000000E+00   0.000000E+00   0.000000E+00
   0.475000E+00  -0.184069E-02  -0.283432E-09   0.122077E-03   0.000000E+00   0.000000E+00   0.000000E+00   0.000000E+00
   0.525000E+00  -0.184069E-02   0.283432E-09   0.122077E-03   0.000000E+00   0.000000E+00   0.000000E+00   0.000000E+00
   0.575000E+00  -0.184069E-02   0.940684E-09   0.122077E-03   0.000000E+00   0.000000E+00   0.000000E+00   0.000000E+00
   0.625000E+00  -0.184069E-02   0.143374E-08   0.122077E-03   0.000000E+00   0.000000E+00   0.000000E+00   0.000000E+00
   0.675000E+00  -0.184069E-02   0.194640E-08   0.122077E-03   0.000000E+00   0.000000E+00   0.000000E+00   0.000000E+00
   0.725000E+00  -0.184070E-02   0.222181E-08   0.122077E-03   0.000000E+00   0.000000E+00   0.000000E+00   0.000000E+00
   0.775000E+00  -0.184070E-02   0.243953E-08   0.122077E-03   0.000000E+00   0.000000E+00   0.000000E+00   0.000000E+00
   0.825000E+00  -0.184071E-02   0.238666E-08   0.122077E-03   0.000000E+00   0.000000E+00   0.000000E+00   0.000000E+00
   0.875000E+00  -0.184071E-02   0.219314E-08   0.122077E-03   0.000000E+00   0.000000E+00   0.000000E+00   0.000000E+00
   0.925000E+00  -0.184035E-02   0.180710E-08   0.122053E-03   0.000000E+00   0.000000E+00   0.000000E+00   0.000000E+00
   0.975000E+00  -0.179547E-02   0.120914E-08   0.119095E-03   0.000000E+00   0.000000E+00   0.000000E+00   0.000000E+00
   0.100000E+01   0.000000E+00   0.000000E+00   0.000000E+00   0.000000E+00   0.000000E+00   0.000000E+00   0.000000E+00
 VARIABLES = "Y","U","V","W","T","Q","VP","EY"
 ZONE J =          22 ,F=POINT
   0.000000E+00   0.000000E+00   0.000000E+00   0.000000E+00   0.000000E+00   0.000000E+00   0.000000E+00   0.000000E+00
   0.250000E-01  -0.203759E-02  -0.226412E-08   0.135562E-03   0.000000E+00   0.000000E+00   0.000000E+00   0.000000E+00
   0.750000E-01  -0.209576E-02  -0.307546E-08   0.139399E-03   0.000000E+00   0.000000E+00   0.000000E+00   0.000000E+00
   0.125000E+00  -0.209631E-02  -0.361769E-08   0.139436E-03   0.000000E+00   0.000000E+00   0.000000E+00   0.000000E+00
   0.175000E+00  -0.209630E-02  -0.382378E-08   0.139436E-03   0.000000E+00   0.000000E+00   0.000000E+00   0.000000E+00
   0.225000E+00  -0.209629E-02  -0.386586E-08   0.139436E-03   0.000000E+00   0.000000E+00   0.000000E+00   0.000000E+00
   0.275000E+00  -0.209629E-02  -0.348149E-08   0.139436E-03   0.000000E+00   0.000000E+00   0.000000E+00   0.000000E+00
   0.325000E+00  -0.209628E-02  -0.303478E-08   0.139436E-03   0.000000E+00   0.000000E+00   0.000000E+00   0.000000E+00
   0.375000E+00  -0.209627E-02  -0.222712E-08   0.139436E-03   0.000000E+00   0.000000E+00   0.000000E+00   0.000000E+00
   0.425000E+00  -0.209627E-02  -0.145610E-08   0.139436E-03   0.000000E+00   0.000000E+00   0.000000E+00   0.000000E+00
   0.475000E+00  -0.209627E-02  -0.440572E-09   0.139436E-03   0.000000E+00   0.000000E+00   0.000000E+00   0.000000E+00
   0.525000E+00  -0.209627E-02   0.440571E-09   0.139436E-03   0.000000E+00   0.000000E+00   0.000000E+00   0.000000E+00
   0.575000E+00  -0.209627E-02   0.145610E-08   0.139436E-03   0.000000E+00   0.000000E+00   0.000000E+00   0.000000E+00
   0.625000E+00  -0.209627E-02   0.222712E-08   0.139436E-03   0.000000E+00   0.000000E+00   0.000000E+00   0.000000E+00
   0.675000E+00  -0.209628E-02   0.303478E-08   0.139436E-03   0.000000E+00   0.000000E+00   0.000000E+00   0.000000E+00
   0.725000E+00  -0.209629E-02   0.348149E-08   0.139436E-03   0.000000E+00   0.000000E+00   0.000000E+00   0.000000E+00
   0.775000E+00  -0.209629E-02   0.386586E-08   0.139436E-03   0.000000E+00   0.000000E+00   0.000000E+00   0.000000E+00
   0.825000E+00  -0.209630E-02   0.382378E-08   0.139436E-03   0.000000E+00   0.000000E+00   0.000000E+00   0.000000E+00
   0.875000E+00  -0.209631E-02   0.361769E-08   0.139436E-03   0.000000E+00   0.000000E+00   0.000000E+00   0.000000E+00
   0.925000E+00  -0.209576E-02   0.307546E-08   0.139399E-03   0.000000E+00   0.000000E+00   0.000000E+00   0.000000E+00
   0.975000E+00  -0.203759E-02   0.226412E-08   0.135562E-03   0.000000E+00   0.000000E+00   0.000000E+00   0.000000E+00
   0.100000E+01   0.000000E+00   0.000000E+00   0.000000E+00   0.000000E+00   0.000000E+00   0.000000E+00   0.000000E+00
 VARIABLES = "Y","U","V","W","T","Q","VP","EY"
 ZONE J =          22 ,F=POINT
   0.000000E+00   0.000000E+00   0.000000E+00   0.000000E+00   0.000000E+00   0.000000E+00   0.000000E+00   0.000000E+00
   0.250000E-01  -0.227643E-02  -0.374008E-08   0.151959E-03   0.000000E+00   0.000000E+00   0.000000E+00   0.000000E+00
   0.750000E-01  -0.234952E-02  -0.482867E-08   0.156786E-03   0.000000E+00   0.000000E+00   0.000000E+00   0.000000E+00
   0.125000E+00  -0.235028E-02  -0.556781E-08   0.156837E-03   0.000000E+00   0.000000E+00   0.000000E+00   0.000000E+00
   0.175000E+00  -0.235028E-02  -0.577739E-08   0.156838E-03   0.000000E+00   0.000000E+00   0.000000E+00   0.000000E+00
   0.225000E+00  -0.235027E-02  -0.579523E-08   0.156838E-03   0.000000E+00   0.000000E+00   0.000000E+00   0.000000E+00
   0.275000E+00  -0.235026E-02  -0.518037E-08   0.156838E-03   0.000000E+00   0.000000E+00   0.000000E+00   0.000000E+00
   0.325000E+00  -0.235025E-02  -0.449893E-08   0.156838E-03   0.000000E+00   0.000000E+00   0.000000E+00   0.000000E+00
   0.375000E+00  -0.235025E-02  -0.329333E-08   0.156839E-03   0.000000E+00   0.000000E+00   0.000000E+00   0.000000E+00
   0.425000E+00  -0.235024E-02  -0.214779E-08   0.156839E-03   0.000000E+00   0.000000E+00   0.000000E+00   0.000000E+00
   0.475000E+00  -0.235024E-02  -0.651660E-09   0.156839E-03   0.000000E+00   0.000000E+00   0.000000E+00   0.000000E+00
   0.525000E+00  -0.235024E-02   0.651660E-09   0.156839E-03   0.000000E+00   0.000000E+00   0.000000E+00   0.000000E+00
   0.575000E+00  -0.235024E-02   0.214779E-08   0.156839E-03   0.000000E+00   0.000000E+00   0.000000E+00   0.000000E+00
   0.625000E+00  -0.235025E-02   0.329333E-08   0.156839E-03   0.000000E+00   0.000000E+00   0.000000E+00   0.000000E+00
   0.675000E+00  -0.235025E-02   0.449893E-08   0.156838E-03   0.000000E+00   0.000000E+00   0.000000E+00   0.000000E+00
   0.725000E+00  -0.235026E-02   0.518037E-08   0.156838E-03   0.000000E+00   0.000000E+00   0.000000E+00   0.000000E+00
   0.775000E+00  -0.235027E-02   0.579523E-08   0.156838E-03   0.000000E+00   0.000000E+00   0.000000E+00   0.000000E+00
   0.825000E+00  -0.235028E-02   0.577739E-08   0.156838E-03   0.000000E+00   0.000000E+00   0.000000E+00   0.000000E+00
   0.875000E+00  -0.235028E-02   0.556781E-08   0.156837E-03   0.000000E+00   0.000000E+00   0.000000E+00   0.000000E+00
   0.925000E+00  -0.234952E-02   0.482867E-08   0.156786E-03   0.000000E+00   0.000000E+00   0.000000E+00   0.000000E+00
   0.975000E+00  -0.227643E-02   0.374008E-08   0.151959E-03   0.000000E+00   0.000000E+00   0.000000E+00   0.000000E+00
   0.100000E+01   0.000000E+00   0.000000E+00   0.000000E+00   0.000000E+00   0.000000E+00   0.000000E+00   0.000000E+00
 VARIABLES = "Y","U","V","W","T","Q","VP","EY"
 ZONE J =          22 ,F=POINT
   0.000000E+00   0.000000E+00   0.000000E+00   0.000000E+00   0.000000E+00   0.000000E+00   0.000000E+00   0.000000E+00
   0.250000E-01  -0.251204E-02  -0.571976E-08   0.168302E-03   0.000000E+00   0.000000E+00   0.000000E+00   0.000000E+00
   0.750000E-01  -0.260162E-02  -0.716284E-08   0.174225E-03   0.000000E+00   0.000000E+00   0.000000E+00   0.000000E+00
   0.125000E+00  -0.260267E-02  -0.814414E-08   0.174295E-03   0.000000E+00   0.000000E+00   0.000000E+00   0.000000E+00
   0.175000E+00  -0.260267E-02  -0.834506E-08   0.174296E-03   0.000000E+00   0.000000E+00   0.000000E+00   0.000000E+00
   0.225000E+00  -0.260265E-02  -0.832058E-08   0.174297E-03   0.000000E+00   0.000000E+00   0.000000E+00   0.000000E+00
   0.275000E+00  -0.260264E-02  -0.739903E-08   0.174297E-03   0.000000E+00   0.000000E+00   0.000000E+00   0.000000E+00
   0.325000E+00  -0.260263E-02  -0.640710E-08   0.174298E-03   0.000000E+00   0.000000E+00   0.000000E+00   0.000000E+00
   0.375000E+00  -0.260262E-02  -0.468166E-08   0.174298E-03   0.000000E+00   0.000000E+00   0.000000E+00   0.000000E+00
   0.425000E+00  -0.260261E-02  -0.304763E-08   0.174298E-03   0.000000E+00   0.000000E+00   0.000000E+00   0.000000E+00
   0.475000E+00  -0.260261E-02  -0.926263E-09   0.174299E-03   0.000000E+00   0.000000E+00   0.000000E+00   0.000000E+00
   0.525000E+00  -0.260261E-02   0.926262E-09   0.174299E-03   0.000000E+00   0.000000E+00   0.000000E+00   0.000000E+00
   0.575000E+00  -0.260261E-02   0.304763E-08   0.174298E-03   0.000000E+00   0.000000E+00   0.000000E+00   0.000000E+00
   0.625000E+00  -0.260262E-02   0.468166E-08   0.174298E-03   0.000000E+00   0.000000E+00   0.000000E+00   0.000000E+00
   0.675000E+00  -0.260263E-02   0.640710E-08   0.174298E-03   0.000000E+00   0.000000E+00   0.000000E+00   0.000000E+00
   0.725000E+00  -0.260264E-02   0.739903E-08   0.174297E-03   0.000000E+00   0.000000E+00   0.000000E+00   0.000000E+00
   0.775000E+00  -0.260265E-02   0.832058E-08   0.174297E-03   0.000000E+00   0.000000E+00   0.000000E+00   0.000000E+00
   0.825000E+00  -0.260267E-02   0.834506E-08   0.174296E-03   0.000000E+00   0.000000E+00   0.000000E+00   0.000000E+00
   0.875000E+00  -0.260267E-02   0.814414E-08   0.174295E-03   0.000000E+00   0.000000E+00   0.000000E+00   0.000000E+00
   0.925000E+00  -0.260162E-02   0.716284E-08   0.174225E-03   0.000000E+00   0.000000E+00   0.000000E+00   0.000000E+00
   0.975000E+00  -0.251204E-02   0.571976E-08   0.168302E-03   0.000000E+00   0.000000E+00   0.000000E+00   0.000000E+00
   0.100000E+01   0.000000E+00   0.000000E+00   0.000000E+00   0.000000E+00   0.000000E+00   0.000000E+00   0.000000E+00
 VARIABLES = "Y","U","V","W","T","Q","VP","EY"
 ZONE J =          22 ,F=POINT
   0.000000E+00   0.000000E+00   0.000000E+00   0.000000E+00   0.000000E+00   0.000000E+00   0.000000E+00   0.000000E+00
   0.250000E-01  -0.274446E-02  -0.829090E-08   0.184603E-03   0.000000E+00   0.000000E+00   0.000000E+00   0.000000E+00
   0.750000E-01  -0.285208E-02  -0.101802E-07   0.191729E-03   0.000000E+00   0.000000E+00   0.000000E+00   0.000000E+00
   0.125000E+00  -0.285347E-02  -0.114529E-07   0.191822E-03   0.000000E+00   0.000000E+00   0.000000E+00   0.000000E+00
   0.175000E+00  -0.285347E-02  -0.116294E-07   0.191824E-03   0.000000E+00   0.000000E+00   0.000000E+00   0.000000E+00
   0.225000E+00  -0.285345E-02  -0.115392E-07   0.191825E-03   0.000000E+00   0.000000E+00   0.000000E+00   0.000000E+00
   0.275000E+00  -0.285343E-02  -0.102217E-07   0.191825E-03   0.000000E+00   0.000000E+00   0.000000E+00   0.000000E+00
   0.325000E+00  -0.285342E-02  -0.883049E-08   0.191826E-03   0.000000E+00   0.000000E+00   0.000000E+00   0.000000E+00
   0.375000E+00  -0.285341E-02  -0.644337E-08   0.191827E-03   0.000000E+00   0.000000E+00   0.000000E+00   0.000000E+00
   0.425000E+00  -0.285340E-02  -0.418884E-08   0.191827E-03   0.000000E+00   0.000000E+00   0.000000E+00   0.000000E+00
   0.475000E+00  -0.285340E-02  -0.127427E-08   0.191828E-03   0.000000E+00   0.000000E+00   0.000000E+00   0.000000E+00
   0.525000E+00  -0.285340E-02   0.127427E-08   0.191828E-03   0.000000E+00   0.000000E+00   0.000000E+00   0.000000E+00
   0.575000E+00  -0.285340E-02   0.418884E-08   0.191827E-03   0.000000E+00   0.000000E+00   0.000000E+00   0.000000E+00
   0.625000E+00  -0.285341E-02   0.644337E-08   0.191827E-03   0.000000E+00   0.000000E+00   0.000000E+00   0.000000E+00
   0.675000E+00  -0.285342E-02   0.883049E-08   0.191826E-03   0.000000E+00   0.000000E+00   0.000000E+00   0.000000E+00
   0.725000E+00  -0.285343E-02   0.102217E-07   0.191825E-03   0.000000E+00   0.000000E+00   0.000000E+00   0.000000E+00
   0.775000E+00  -0.285345E-02   0.115392E-07   0.191825E-03   0.000000E+00   0.000000E+00   0.000000E+00   0.000000E+00
   0.825000E+00  -0.285347E-02   0.116294E-07   0.191824E-03   0.000000E+00   0.000000E+00   0.000000E+00   0.000000E+00
   0.875000E+00  -0.285347E-02   0.114529E-07   0.191822E-03   0.000000E+00   0.000000E+00   0.000000E+00   0.000000E+00
   0.925000E+00  -0.285208E-02   0.101802E-07   0.191729E-03   0.000000E+00   0.000000E+00   0.000000E+00   0.000000E+00
   0.975000E+00  -0.274446E-02   0.829090E-08   0.184603E-03   0.000000E+00   0.000000E+00   0.000000E+00   0.000000E+00
   0.100000E+01   0.000000E+00   0.000000E+00   0.000000E+00   0.000000E+00   0.000000E+00   0.000000E+00   0.000000E+00
 VARIABLES = "Y","U","V","W","T","Q","VP","EY"
 ZONE J =          22 ,F=POINT
   0.000000E+00   0.000000E+00   0.000000E+00   0.000000E+00   0.000000E+00   0.000000E+00   0.000000E+00   0.000000E+00
   0.250000E-01  -0.297374E-02  -0.115457E-07   0.200875E-03   0.000000E+00   0.000000E+00   0.000000E+00   0.000000E+00
   0.750000E-01  -0.310091E-02  -0.139883E-07   0.209310E-03   0.000000E+00   0.000000E+00   0.000000E+00   0.000000E+00
   0.125000E+00  -0.310270E-02  -0.156053E-07   0.209430E-03   0.000000E+00   0.000000E+00   0.000000E+00   0.000000E+00
   0.175000E+00  -0.310270E-02  -0.157374E-07   0.209432E-03   0.000000E+00   0.000000E+00   0.000000E+00   0.000000E+00
   0.225000E+00  -0.310268E-02  -0.155523E-07   0.209433E-03   0.000000E+00   0.000000E+00   0.000000E+00   0.000000E+00
   0.275000E+00  -0.310266E-02  -0.137355E-07   0.209435E-03   0.000000E+00   0.000000E+00   0.000000E+00   0.000000E+00
   0.325000E+00  -0.310264E-02  -0.118428E-07   0.209436E-03   0.000000E+00   0.000000E+00   0.000000E+00   0.000000E+00
   0.375000E+00  -0.310263E-02  -0.863140E-08   0.209437E-03   0.000000E+00   0.000000E+00   0.000000E+00   0.000000E+00
   0.425000E+00  -0.310262E-02  -0.560583E-08   0.209438E-03   0.000000E+00   0.000000E+00   0.000000E+00   0.000000E+00
   0.475000E+00  -0.310262E-02  -0.170581E-08   0.209438E-03   0.000000E+00   0.000000E+00   0.000000E+00   0.000000E+00
   0.525000E+00  -0.310262E-02   0.170581E-08   0.209438E-03   0.000000E+00   0.000000E+00   0.000000E+00   0.000000E+00
   0.575000E+00  -0.310262E-02   0.560583E-08   0.209438E-03   0.000000E+00   0.000000E+00   0.000000E+00   0.000000E+00
   0.625000E+00  -0.310263E-02   0.863140E-08   0.209437E-03   0.000000E+00   0.000000E+00   0.000000E+00   0.000000E+00
   0.675000E+00  -0.310264E-02   0.118428E-07   0.209436E-03   0.000000E+00   0.000000E+00   0.000000E+00   0.000000E+00
   0.725000E+00  -0.310266E-02   0.137355E-07   0.209435E-03   0.000000E+00   0.000000E+00   0.000000E+00   0.000000E+00
   0.775000E+00  -0.310268E-02   0.155523E-07   0.209433E-03   0.000000E+00   0.000000E+00   0.000000E+00   0.000000E+00
   0.825000E+00  -0.310270E-02   0.157374E-07   0.209432E-03   0.000000E+00   0.000000E+00   0.000000E+00   0.000000E+00
   0.875000E+00  -0.310270E-02   0.156053E-07   0.209430E-03   0.000000E+00   0.000000E+00   0.000000E+00   0.000000E+00
   0.925000E+00  -0.310091E-02   0.139883E-07   0.209310E-03   0.000000E+00   0.000000E+00   0.000000E+00   0.000000E+00
   0.975000E+00  -0.297374E-02   0.115457E-07   0.200875E-03   0.000000E+00   0.000000E+00   0.000000E+00   0.000000E+00
   0.100000E+01   0.000000E+00   0.000000E+00   0.000000E+00   0.000000E+00   0.000000E+00   0.000000E+00   0.000000E+00
 VARIABLES = "Y","U","V","W","T","Q","VP","EY"
 ZONE J =          22 ,F=POINT
   0.000000E+00   0.000000E+00   0.000000E+00   0.000000E+00   0.000000E+00   0.000000E+00   0.000000E+00   0.000000E+00
   0.250000E-01  -0.319991E-02  -0.155806E-07   0.217131E-03   0.000000E+00   0.000000E+00   0.000000E+00   0.000000E+00
   0.750000E-01  -0.334812E-02  -0.187002E-07   0.226977E-03   0.000000E+00   0.000000E+00   0.000000E+00   0.000000E+00
   0.125000E+00  -0.335038E-02  -0.207172E-07   0.227129E-03   0.000000E+00   0.000000E+00   0.000000E+00   0.000000E+00
   0.175000E+00  -0.335039E-02  -0.207801E-07   0.227132E-03   0.000000E+00   0.000000E+00   0.000000E+00   0.000000E+00
   0.225000E+00  -0.335036E-02  -0.204643E-07   0.227134E-03   0.000000E+00   0.000000E+00   0.000000E+00   0.000000E+00
   0.275000E+00  -0.335034E-02  -0.180304E-07   0.227136E-03   0.000000E+00   0.000000E+00   0.000000E+00   0.000000E+00
   0.325000E+00  -0.335032E-02  -0.155199E-07   0.227138E-03   0.000000E+00   0.000000E+00   0.000000E+00   0.000000E+00
   0.375000E+00  -0.335030E-02  -0.113001E-07   0.227140E-03   0.000000E+00   0.000000E+00   0.000000E+00   0.000000E+00
   0.425000E+00  -0.335029E-02  -0.733395E-08   0.227141E-03   0.000000E+00   0.000000E+00   0.000000E+00   0.000000E+00
   0.475000E+00  -0.335028E-02  -0.223122E-08   0.227142E-03   0.000000E+00   0.000000E+00   0.000000E+00   0.000000E+00
   0.525000E+00  -0.335028E-02   0.223122E-08   0.227142E-03   0.000000E+00   0.000000E+00   0.000000E+00   0.000000E+00
   0.575000E+00  -0.335029E-02   0.733395E-08   0.227141E-03   0.000000E+00   0.000000E+00   0.000000E+00   0.000000E+00
   0.625000E+00  -0.335030E-02   0.113001E-07   0.227140E-03   0.000000E+00   0.000000E+00   0.000000E+00   0.000000E+00
   0.675000E+00  -0.335032E-02   0.155199E-07   0.227138E-03   0.000000E+00   0.000000E+00   0.000000E+00   0.000000E+00
   0.725000E+00  -0.335034E-02   0.180304E-07   0.227136E-03   0.000000E+00   0.000000E+00   0.000000E+00   0.000000E+00
   0.775000E+00  -0.335036E-02   0.204643E-07   0.227134E-03   0.000000E+00   0.000000E+00   0.000000E+00   0.000000E+00
   0.825000E+00  -0.335039E-02   0.207801E-07   0.227132E-03   0.000000E+00   0.000000E+00   0.000000E+00   0.000000E+00
   0.875000E+00  -0.335038E-02   0.207172E-07   0.227129E-03   0.000000E+00   0.000000E+00   0.000000E+00   0.000000E+00
   0.925000E+00  -0.334812E-02   0.187002E-07   0.226977E-03   0.000000E+00   0.000000E+00   0.000000E+00   0.000000E+00
   0.975000E+00  -0.319991E-02   0.155806E-07   0.217131E-03   0.000000E+00   0.000000E+00   0.000000E+00   0.000000E+00
   0.100000E+01   0.000000E+00   0.000000E+00   0.000000E+00   0.000000E+00   0.000000E+00   0.000000E+00   0.000000E+00
 VARIABLES = "Y","U","V","W","T","Q","VP","EY"
 ZONE J =          22 ,F=POINT
   0.000000E+00   0.000000E+00   0.000000E+00   0.000000E+00   0.000000E+00   0.000000E+00   0.000000E+00   0.000000E+00
   0.250000E-01  -0.342301E-02  -0.204957E-07   0.233381E-03   0.000000E+00   0.000000E+00   0.000000E+00   0.000000E+00
   0.750000E-01  -0.359372E-02  -0.244333E-07   0.244741E-03   0.000000E+00   0.000000E+00   0.000000E+00   0.000000E+00
   0.125000E+00  -0.359653E-02  -0.269084E-07   0.244930E-03   0.000000E+00   0.000000E+00   0.000000E+00   0.000000E+00
   0.175000E+00  -0.359654E-02  -0.268718E-07   0.244934E-03   0.000000E+00   0.000000E+00   0.000000E+00   0.000000E+00
   0.225000E+00  -0.359650E-02  -0.263824E-07   0.244937E-03   0.000000E+00   0.000000E+00   0.000000E+00   0.000000E+00
   0.275000E+00  -0.359648E-02  -0.231984E-07   0.244940E-03   0.000000E+00   0.000000E+00   0.000000E+00   0.000000E+00
   0.325000E+00  -0.359645E-02  -0.199393E-07   0.244943E-03   0.000000E+00   0.000000E+00   0.000000E+00   0.000000E+00
   0.375000E+00  -0.359643E-02  -0.145048E-07   0.244945E-03   0.000000E+00   0.000000E+00   0.000000E+00   0.000000E+00
   0.425000E+00  -0.359642E-02  -0.940936E-08   0.244947E-03   0.000000E+00   0.000000E+00   0.000000E+00   0.000000E+00
   0.475000E+00  -0.359641E-02  -0.286094E-08   0.244948E-03   0.000000E+00   0.000000E+00   0.000000E+00   0.000000E+00
   0.525000E+00  -0.359641E-02   0.286094E-08   0.244948E-03   0.000000E+00   0.000000E+00   0.000000E+00   0.000000E+00
   0.575000E+00  -0.359642E-02   0.940936E-08   0.244947E-03   0.000000E+00   0.000000E+00   0.000000E+00   0.000000E+00
   0.625000E+00  -0.359643E-02   0.145048E-07   0.244945E-03   0.000000E+00   0.000000E+00   0.000000E+00   0.000000E+00
   0.675000E+00  -0.359645E-02   0.199393E-07   0.244943E-03   0.000000E+00   0.000000E+00   0.000000E+00   0.000000E+00
   0.725000E+00  -0.359648E-02   0.231984E-07   0.244940E-03   0.000000E+00   0.000000E+00   0.000000E+00   0.000000E+00
   0.775000E+00  -0.359650E-02   0.263824E-07   0.244937E-03   0.000000E+00   0.000000E+00   0.000000E+00   0.000000E+00
   0.825000E+00  -0.359654E-02   0.268718E-07   0.244934E-03   0.000000E+00   0.000000E+00   0.000000E+00   0.000000E+00
   0.875000E+00  -0.359653E-02   0.269084E-07   0.244930E-03   0.000000E+00   0.000000E+00   0.000000E+00   0.000000E+00
   0.925000E+00  -0.359372E-02   0.244333E-07   0.244741E-03   0.000000E+00   0.000000E+00   0.000000E+00   0.000000E+00
   0.975000E+00  -0.342301E-02   0.204957E-07   0.233381E-03   0.000000E+00   0.000000E+00   0.000000E+00   0.000000E+00
   0.100000E+01   0.000000E+00   0.000000E+00   0.000000E+00   0.000000E+00   0.000000E+00   0.000000E+00   0.000000E+00
 VARIABLES = "Y","U","V","W","T","Q","VP","EY"
 ZONE J =          22 ,F=POINT
   0.000000E+00   0.000000E+00   0.000000E+00   0.000000E+00   0.000000E+00   0.000000E+00   0.000000E+00   0.000000E+00
   0.250000E-01  -0.364310E-02  -0.263943E-07   0.249636E-03   0.000000E+00   0.000000E+00   0.000000E+00   0.000000E+00
   0.750000E-01  -0.383773E-02  -0.313095E-07   0.262612E-03   0.000000E+00   0.000000E+00   0.000000E+00   0.000000E+00
   0.125000E+00  -0.384115E-02  -0.343026E-07   0.262843E-03   0.000000E+00   0.000000E+00   0.000000E+00   0.000000E+00
   0.175000E+00  -0.384117E-02  -0.341300E-07   0.262848E-03   0.000000E+00   0.000000E+00   0.000000E+00   0.000000E+00
   0.225000E+00  -0.384113E-02  -0.334164E-07   0.262853E-03   0.000000E+00   0.000000E+00   0.000000E+00   0.000000E+00
   0.275000E+00  -0.384110E-02  -0.293334E-07   0.262857E-03   0.000000E+00   0.000000E+00   0.000000E+00   0.000000E+00
   0.325000E+00  -0.384106E-02  -0.251802E-07   0.262860E-03   0.000000E+00   0.000000E+00   0.000000E+00   0.000000E+00
   0.375000E+00  -0.384104E-02  -0.183018E-07   0.262863E-03   0.000000E+00   0.000000E+00   0.000000E+00   0.000000E+00
   0.425000E+00  -0.384102E-02  -0.118689E-07   0.262865E-03   0.000000E+00   0.000000E+00   0.000000E+00   0.000000E+00
   0.475000E+00  -0.384102E-02  -0.360551E-08   0.262867E-03   0.000000E+00   0.000000E+00   0.000000E+00   0.000000E+00
   0.525000E+00  -0.384102E-02   0.360551E-08   0.262867E-03   0.000000E+00   0.000000E+00   0.000000E+00   0.000000E+00
   0.575000E+00  -0.384102E-02   0.118689E-07   0.262865E-03   0.000000E+00   0.000000E+00   0.000000E+00   0.000000E+00
   0.625000E+00  -0.384104E-02   0.183018E-07   0.262863E-03   0.000000E+00   0.000000E+00   0.000000E+00   0.000000E+00
   0.675000E+00  -0.384106E-02   0.251802E-07   0.262860E-03   0.000000E+00   0.000000E+00   0.000000E+00   0.000000E+00
   0.725000E+00  -0.384110E-02   0.293334E-07   0.262857E-03   0.000000E+00   0.000000E+00   0.000000E+00   0.000000E+00
   0.775000E+00  -0.384113E-02   0.334164E-07   0.262853E-03   0.000000E+00   0.000000E+00   0.000000E+00   0.000000E+00
   0.825000E+00  -0.384117E-02   0.341300E-07   0.262848E-03   0.000000E+00   0.000000E+00   0.000000E+00   0.000000E+00
   0.875000E+00  -0.384115E-02   0.343026E-07   0.262843E-03   0.000000E+00   0.000000E+00   0.000000E+00   0.000000E+00
   0.925000E+00  -0.383773E-02   0.313095E-07   0.262612E-03   0.000000E+00   0.000000E+00   0.000000E+00   0.000000E+00
   0.975000E+00  -0.364310E-02   0.263943E-07   0.249636E-03   0.000000E+00   0.000000E+00   0.000000E+00   0.000000E+00
   0.100000E+01   0.000000E+00   0.000000E+00   0.000000E+00   0.000000E+00   0.000000E+00   0.000000E+00   0.000000E+00
 VARIABLES = "Y","U","V","W","T","Q","VP","EY"
 ZONE J =          22 ,F=POINT
   0.000000E+00   0.000000E+00   0.000000E+00   0.000000E+00   0.000000E+00   0.000000E+00   0.000000E+00   0.000000E+00
   0.250000E-01  -0.386020E-02  -0.333828E-07   0.265905E-03   0.000000E+00   0.000000E+00   0.000000E+00   0.000000E+00
   0.750000E-01  -0.408014E-02  -0.394544E-07   0.280597E-03   0.000000E+00   0.000000E+00   0.000000E+00   0.000000E+00
   0.125000E+00  -0.408427E-02  -0.430266E-07   0.280876E-03   0.000000E+00   0.000000E+00   0.000000E+00   0.000000E+00
   0.175000E+00  -0.408429E-02  -0.426745E-07   0.280883E-03   0.000000E+00   0.000000E+00   0.000000E+00   0.000000E+00
   0.225000E+00  -0.408424E-02  -0.416780E-07   0.280889E-03   0.000000E+00   0.000000E+00   0.000000E+00   0.000000E+00
   0.275000E+00  -0.408421E-02  -0.365304E-07   0.280894E-03   0.000000E+00   0.000000E+00   0.000000E+00   0.000000E+00
   0.325000E+00  -0.408417E-02  -0.313225E-07   0.280899E-03   0.000000E+00   0.000000E+00   0.000000E+00   0.000000E+00
   0.375000E+00  -0.408414E-02  -0.227479E-07   0.280903E-03   0.000000E+00   0.000000E+00   0.000000E+00   0.000000E+00
   0.425000E+00  -0.408412E-02  -0.147498E-07   0.280906E-03   0.000000E+00   0.000000E+00   0.000000E+00   0.000000E+00
   0.475000E+00  -0.408411E-02  -0.447547E-08   0.280907E-03   0.000000E+00   0.000000E+00   0.000000E+00   0.000000E+00
   0.525000E+00  -0.408411E-02   0.447547E-08   0.280907E-03   0.000000E+00   0.000000E+00   0.000000E+00   0.000000E+00
   0.575000E+00  -0.408412E-02   0.147498E-07   0.280906E-03   0.000000E+00   0.000000E+00   0.000000E+00   0.000000E+00
   0.625000E+00  -0.408414E-02   0.227479E-07   0.280903E-03   0.000000E+00   0.000000E+00   0.000000E+00   0.000000E+00
   0.675000E+00  -0.408417E-02   0.313225E-07   0.280899E-03   0.000000E+00   0.000000E+00   0.000000E+00   0.000000E+00
   0.725000E+00  -0.408421E-02   0.365304E-07   0.280894E-03   0.000000E+00   0.000000E+00   0.000000E+00   0.000000E+00
   0.775000E+00  -0.408424E-02   0.416780E-07   0.280889E-03   0.000000E+00   0.000000E+00   0.000000E+00   0.000000E+00
   0.825000E+00  -0.408429E-02   0.426745E-07   0.280883E-03   0.000000E+00   0.000000E+00   0.000000E+00   0.000000E+00
   0.875000E+00  -0.408427E-02   0.430266E-07   0.280876E-03   0.000000E+00   0.000000E+00   0.000000E+00   0.000000E+00
   0.925000E+00  -0.408014E-02   0.394544E-07   0.280597E-03   0.000000E+00   0.000000E+00   0.000000E+00   0.000000E+00
   0.975000E+00  -0.386020E-02   0.333828E-07   0.265905E-03   0.000000E+00   0.000000E+00   0.000000E+00   0.000000E+00
   0.100000E+01   0.000000E+00   0.000000E+00   0.000000E+00   0.000000E+00   0.000000E+00   0.000000E+00   0.000000E+00
 VARIABLES = "Y","U","V","W","T","Q","VP","EY"
 ZONE J =          22 ,F=POINT
   0.000000E+00   0.000000E+00   0.000000E+00   0.000000E+00   0.000000E+00   0.000000E+00   0.000000E+00   0.000000E+00
   0.250000E-01  -0.407437E-02  -0.415703E-07   0.282198E-03   0.000000E+00   0.000000E+00   0.000000E+00   0.000000E+00
   0.750000E-01  -0.432097E-02  -0.489974E-07   0.298705E-03   0.000000E+00   0.000000E+00   0.000000E+00   0.000000E+00
   0.125000E+00  -0.432589E-02  -0.532101E-07   0.299037E-03   0.000000E+00   0.000000E+00   0.000000E+00   0.000000E+00
   0.175000E+00  -0.432593E-02  -0.526275E-07   0.299046E-03   0.000000E+00   0.000000E+00   0.000000E+00   0.000000E+00
   0.225000E+00  -0.432587E-02  -0.512803E-07   0.299054E-03   0.000000E+00   0.000000E+00   0.000000E+00   0.000000E+00
   0.275000E+00  -0.432583E-02  -0.448859E-07   0.299061E-03   0.000000E+00   0.000000E+00   0.000000E+00   0.000000E+00
   0.325000E+00  -0.432578E-02  -0.384472E-07   0.299067E-03   0.000000E+00   0.000000E+00   0.000000E+00   0.000000E+00
   0.375000E+00  -0.432575E-02  -0.279005E-07   0.299073E-03   0.000000E+00   0.000000E+00   0.000000E+00   0.000000E+00
   0.425000E+00  -0.432573E-02  -0.180898E-07   0.299076E-03   0.000000E+00   0.000000E+00   0.000000E+00   0.000000E+00
   0.475000E+00  -0.432571E-02  -0.548136E-08   0.299078E-03   0.000000E+00   0.000000E+00   0.000000E+00   0.000000E+00
   0.525000E+00  -0.432571E-02   0.548136E-08   0.299078E-03   0.000000E+00   0.000000E+00   0.000000E+00   0.000000E+00
   0.575000E+00  -0.432573E-02   0.180898E-07   0.299076E-03   0.000000E+00   0.000000E+00   0.000000E+00   0.000000E+00
   0.625000E+00  -0.432575E-02   0.279005E-07   0.299073E-03   0.000000E+00   0.000000E+00   0.000000E+00   0.000000E+00
   0.675000E+00  -0.432578E-02   0.384472E-07   0.299067E-03   0.000000E+00   0.000000E+00   0.000000E+00   0.000000E+00
   0.725000E+00  -0.432583E-02   0.448859E-07   0.299061E-03   0.000000E+00   0.000000E+00   0.000000E+00   0.000000E+00
   0.775000E+00  -0.432587E-02   0.512803E-07   0.299054E-03   0.000000E+00   0.000000E+00   0.000000E+00   0.000000E+00
   0.825000E+00  -0.432593E-02   0.526275E-07   0.299046E-03   0.000000E+00   0.000000E+00   0.000000E+00   0.000000E+00
   0.875000E+00  -0.432589E-02   0.532101E-07   0.299037E-03   0.000000E+00   0.000000E+00   0.000000E+00   0.000000E+00
   0.925000E+00  -0.432097E-02   0.489974E-07   0.298705E-03   0.000000E+00   0.000000E+00   0.000000E+00   0.000000E+00
   0.975000E+00  -0.407437E-02   0.415703E-07   0.282198E-03   0.000000E+00   0.000000E+00   0.000000E+00   0.000000E+00
   0.100000E+01   0.000000E+00   0.000000E+00   0.000000E+00   0.000000E+00   0.000000E+00   0.000000E+00   0.000000E+00
 VARIABLES = "Y","U","V","W","T","Q","VP","EY"
 ZONE J =          22 ,F=POINT
   0.000000E+00   0.000000E+00   0.000000E+00   0.000000E+00   0.000000E+00   0.000000E+00   0.000000E+00   0.000000E+00
   0.250000E-01  -0.428563E-02  -0.510682E-07   0.298522E-03   0.000000E+00   0.000000E+00   0.000000E+00   0.000000E+00
   0.750000E-01  -0.456023E-02  -0.600710E-07   0.316942E-03   0.000000E+00   0.000000E+00   0.000000E+00   0.000000E+00
   0.125000E+00  -0.456603E-02  -0.649854E-07   0.317335E-03   0.000000E+00   0.000000E+00   0.000000E+00   0.000000E+00
   0.175000E+00  -0.456608E-02  -0.641128E-07   0.317347E-03   0.000000E+00   0.000000E+00   0.000000E+00   0.000000E+00
   0.225000E+00  -0.456602E-02  -0.623380E-07   0.317356E-03   0.000000E+00   0.000000E+00   0.000000E+00   0.000000E+00
   0.275000E+00  -0.456597E-02  -0.544969E-07   0.317365E-03   0.000000E+00   0.000000E+00   0.000000E+00   0.000000E+00
   0.325000E+00  -0.456591E-02  -0.466360E-07   0.317373E-03   0.000000E+00   0.000000E+00   0.000000E+00   0.000000E+00
   0.375000E+00  -0.456588E-02  -0.338169E-07   0.317380E-03   0.000000E+00   0.000000E+00   0.000000E+00   0.000000E+00
   0.425000E+00  -0.456585E-02  -0.219268E-07   0.317384E-03   0.000000E+00   0.000000E+00   0.000000E+00   0.000000E+00
   0.475000E+00  -0.456584E-02  -0.663365E-08   0.317387E-03   0.000000E+00   0.000000E+00   0.000000E+00   0.000000E+00
   0.525000E+00  -0.456584E-02   0.663365E-08   0.317387E-03   0.000000E+00   0.000000E+00   0.000000E+00   0.000000E+00
   0.575000E+00  -0.456585E-02   0.219268E-07   0.317384E-03   0.000000E+00   0.000000E+00   0.000000E+00   0.000000E+00
   0.625000E+00  -0.456588E-02   0.338169E-07   0.317380E-03   0.000000E+00   0.000000E+00   0.000000E+00   0.000000E+00
   0.675000E+00  -0.456591E-02   0.466360E-07   0.317373E-03   0.000000E+00   0.000000E+00   0.000000E+00   0.000000E+00
   0.725000E+00  -0.456597E-02   0.544969E-07   0.317365E-03   0.000000E+00   0.000000E+00   0.000000E+00   0.000000E+00
   0.775000E+00  -0.456602E-02   0.623380E-07   0.317356E-03   0.000000E+00   0.000000E+00   0.000000E+00   0.000000E+00
   0.825000E+00  -0.456608E-02   0.641128E-07   0.317347E-03   0.000000E+00   0.000000E+00   0.000000E+00   0.000000E+00
   0.875000E+00  -0.456603E-02   0.649854E-07   0.317335E-03   0.000000E+00   0.000000E+00   0.000000E+00   0.000000E+00
   0.925000E+00  -0.456023E-02   0.600710E-07   0.316942E-03   0.000000E+00   0.000000E+00   0.000000E+00   0.000000E+00
   0.975000E+00  -0.428563E-02   0.510682E-07   0.298522E-03   0.000000E+00   0.000000E+00   0.000000E+00   0.000000E+00
   0.100000E+01   0.000000E+00   0.000000E+00   0.000000E+00   0.000000E+00   0.000000E+00   0.000000E+00   0.000000E+00
 VARIABLES = "Y","U","V","W","T","Q","VP","EY"
 ZONE J =          22 ,F=POINT
   0.000000E+00   0.000000E+00   0.000000E+00   0.000000E+00   0.000000E+00   0.000000E+00   0.000000E+00   0.000000E+00
   0.250000E-01  -0.449403E-02  -0.619899E-07   0.314886E-03   0.000000E+00   0.000000E+00   0.000000E+00   0.000000E+00
   0.750000E-01  -0.479793E-02  -0.728106E-07   0.335317E-03   0.000000E+00   0.000000E+00   0.000000E+00   0.000000E+00
   0.125000E+00  -0.480471E-02  -0.784870E-07   0.335777E-03   0.000000E+00   0.000000E+00   0.000000E+00   0.000000E+00
   0.175000E+00  -0.480478E-02  -0.772558E-07   0.335790E-03   0.000000E+00   0.000000E+00   0.000000E+00   0.000000E+00
   0.225000E+00  -0.480470E-02  -0.749667E-07   0.335803E-03   0.000000E+00   0.000000E+00   0.000000E+00   0.000000E+00
   0.275000E+00  -0.480465E-02  -0.654608E-07   0.335813E-03   0.000000E+00   0.000000E+00   0.000000E+00   0.000000E+00
   0.325000E+00  -0.480458E-02  -0.559705E-07   0.335824E-03   0.000000E+00   0.000000E+00   0.000000E+00   0.000000E+00
   0.375000E+00  -0.480454E-02  -0.405547E-07   0.335832E-03   0.000000E+00   0.000000E+00   0.000000E+00   0.000000E+00
   0.425000E+00  -0.480451E-02  -0.262988E-07   0.335838E-03   0.000000E+00   0.000000E+00   0.000000E+00   0.000000E+00
   0.475000E+00  -0.480449E-02  -0.794274E-08   0.335841E-03   0.000000E+00   0.000000E+00   0.000000E+00   0.000000E+00
   0.525000E+00  -0.480449E-02   0.794274E-08   0.335841E-03   0.000000E+00   0.000000E+00   0.000000E+00   0.000000E+00
   0.575000E+00  -0.480451E-02   0.262988E-07   0.335838E-03   0.000000E+00   0.000000E+00   0.000000E+00   0.000000E+00
   0.625000E+00  -0.480454E-02   0.405547E-07   0.335832E-03   0.000000E+00   0.000000E+00   0.000000E+00   0.000000E+00
   0.675000E+00  -0.480458E-02   0.559705E-07   0.335824E-03   0.000000E+00   0.000000E+00   0.000000E+00   0.000000E+00
   0.725000E+00  -0.480465E-02   0.654608E-07   0.335813E-03   0.000000E+00   0.000000E+00   0.000000E+00   0.000000E+00
   0.775000E+00  -0.480470E-02   0.749667E-07   0.335803E-03   0.000000E+00   0.000000E+00   0.000000E+00   0.000000E+00
   0.825000E+00  -0.480478E-02   0.772558E-07   0.335790E-03   0.000000E+00   0.000000E+00   0.000000E+00   0.000000E+00
   0.875000E+00  -0.480471E-02   0.784870E-07   0.335777E-03   0.000000E+00   0.000000E+00   0.000000E+00   0.000000E+00
   0.925000E+00  -0.479793E-02   0.728106E-07   0.335317E-03   0.000000E+00   0.000000E+00   0.000000E+00   0.000000E+00
   0.975000E+00  -0.449403E-02   0.619899E-07   0.314886E-03   0.000000E+00   0.000000E+00   0.000000E+00   0.000000E+00
   0.100000E+01   0.000000E+00   0.000000E+00   0.000000E+00   0.000000E+00   0.000000E+00   0.000000E+00   0.000000E+00
 VARIABLES = "Y","U","V","W","T","Q","VP","EY"
 ZONE J =          22 ,F=POINT
   0.000000E+00   0.000000E+00   0.000000E+00   0.000000E+00   0.000000E+00   0.000000E+00   0.000000E+00   0.000000E+00
   0.250000E-01  -0.469960E-02  -0.744504E-07   0.331297E-03   0.000000E+00   0.000000E+00   0.000000E+00   0.000000E+00
   0.750000E-01  -0.503408E-02  -0.873543E-07   0.353834E-03   0.000000E+00   0.000000E+00   0.000000E+00   0.000000E+00
   0.125000E+00  -0.504194E-02  -0.938512E-07   0.354368E-03   0.000000E+00   0.000000E+00   0.000000E+00   0.000000E+00
   0.175000E+00  -0.504202E-02  -0.921831E-07   0.354385E-03   0.000000E+00   0.000000E+00   0.000000E+00   0.000000E+00
   0.225000E+00  -0.504194E-02  -0.892823E-07   0.354400E-03   0.000000E+00   0.000000E+00   0.000000E+00   0.000000E+00
   0.275000E+00  -0.504187E-02  -0.778753E-07   0.354412E-03   0.000000E+00   0.000000E+00   0.000000E+00   0.000000E+00
   0.325000E+00  -0.504180E-02  -0.665327E-07   0.354426E-03   0.000000E+00   0.000000E+00   0.000000E+00   0.000000E+00
   0.375000E+00  -0.504175E-02  -0.481711E-07   0.354435E-03   0.000000E+00   0.000000E+00   0.000000E+00   0.000000E+00
   0.425000E+00  -0.504171E-02  -0.312439E-07   0.354442E-03   0.000000E+00   0.000000E+00   0.000000E+00   0.000000E+00
   0.475000E+00  -0.504170E-02  -0.941889E-08   0.354446E-03   0.000000E+00   0.000000E+00   0.000000E+00   0.000000E+00
   0.525000E+00  -0.504170E-02   0.941889E-08   0.354446E-03   0.000000E+00   0.000000E+00   0.000000E+00   0.000000E+00
   0.575000E+00  -0.504171E-02   0.312439E-07   0.354442E-03   0.000000E+00   0.000000E+00   0.000000E+00   0.000000E+00
   0.625000E+00  -0.504175E-02   0.481711E-07   0.354435E-03   0.000000E+00   0.000000E+00   0.000000E+00   0.000000E+00
   0.675000E+00  -0.504180E-02   0.665327E-07   0.354426E-03   0.000000E+00   0.000000E+00   0.000000E+00   0.000000E+00
   0.725000E+00  -0.504187E-02   0.778753E-07   0.354412E-03   0.000000E+00   0.000000E+00   0.000000E+00   0.000000E+00
   0.775000E+00  -0.504194E-02   0.892823E-07   0.354400E-03   0.000000E+00   0.000000E+00   0.000000E+00   0.000000E+00
   0.825000E+00  -0.504202E-02   0.921831E-07   0.354385E-03   0.000000E+00   0.000000E+00   0.000000E+00   0.000000E+00
   0.875000E+00  -0.504194E-02   0.938512E-07   0.354368E-03   0.000000E+00   0.000000E+00   0.000000E+00   0.000000E+00
   0.925000E+00  -0.503408E-02   0.873543E-07   0.353834E-03   0.000000E+00   0.000000E+00   0.000000E+00   0.000000E+00
   0.975000E+00  -0.469960E-02   0.744504E-07   0.331297E-03   0.000000E+00   0.000000E+00   0.000000E+00   0.000000E+00
   0.100000E+01   0.000000E+00   0.000000E+00   0.000000E+00   0.000000E+00   0.000000E+00   0.000000E+00   0.000000E+00
 VARIABLES = "Y","U","V","W","T","Q","VP","EY"
 ZONE J =          22 ,F=POINT
   0.000000E+00   0.000000E+00   0.000000E+00   0.000000E+00   0.000000E+00   0.000000E+00   0.000000E+00   0.000000E+00
   0.250000E-01  -0.490239E-02  -0.885663E-07   0.347761E-03   0.000000E+00   0.000000E+00   0.000000E+00   0.000000E+00
   0.750000E-01  -0.526869E-02  -0.103843E-06   0.372500E-03   0.000000E+00   0.000000E+00   0.000000E+00   0.000000E+00
   0.125000E+00  -0.527772E-02  -0.111216E-06   0.373115E-03   0.000000E+00   0.000000E+00   0.000000E+00   0.000000E+00
   0.175000E+00  -0.527783E-02  -0.109022E-06   0.373135E-03   0.000000E+00   0.000000E+00   0.000000E+00   0.000000E+00
   0.225000E+00  -0.527774E-02  -0.105402E-06   0.373153E-03   0.000000E+00   0.000000E+00   0.000000E+00   0.000000E+00
   0.275000E+00  -0.527766E-02  -0.918381E-07   0.373169E-03   0.000000E+00   0.000000E+00   0.000000E+00   0.000000E+00
   0.325000E+00  -0.527758E-02  -0.784045E-07   0.373184E-03   0.000000E+00   0.000000E+00   0.000000E+00   0.000000E+00
   0.375000E+00  -0.527753E-02  -0.567233E-07   0.373196E-03   0.000000E+00   0.000000E+00   0.000000E+00   0.000000E+00
   0.425000E+00  -0.527748E-02  -0.368000E-07   0.373205E-03   0.000000E+00   0.000000E+00   0.000000E+00   0.000000E+00
   0.475000E+00  -0.527746E-02  -0.110722E-07   0.373209E-03   0.000000E+00   0.000000E+00   0.000000E+00   0.000000E+00
   0.525000E+00  -0.527746E-02   0.110722E-07   0.373209E-03   0.000000E+00   0.000000E+00   0.000000E+00   0.000000E+00
   0.575000E+00  -0.527748E-02   0.368000E-07   0.373205E-03   0.000000E+00   0.000000E+00   0.000000E+00   0.000000E+00
   0.625000E+00  -0.527753E-02   0.567233E-07   0.373196E-03   0.000000E+00   0.000000E+00   0.000000E+00   0.000000E+00
   0.675000E+00  -0.527758E-02   0.784045E-07   0.373184E-03   0.000000E+00   0.000000E+00   0.000000E+00   0.000000E+00
   0.725000E+00  -0.527766E-02   0.918381E-07   0.373169E-03   0.000000E+00   0.000000E+00   0.000000E+00   0.000000E+00
   0.775000E+00  -0.527774E-02   0.105402E-06   0.373153E-03   0.000000E+00   0.000000E+00   0.000000E+00   0.000000E+00
   0.825000E+00  -0.527783E-02   0.109022E-06   0.373135E-03   0.000000E+00   0.000000E+00   0.000000E+00   0.000000E+00
   0.875000E+00  -0.527772E-02   0.111216E-06   0.373115E-03   0.000000E+00   0.000000E+00   0.000000E+00   0.000000E+00
   0.925000E+00  -0.526869E-02   0.103843E-06   0.372500E-03   0.000000E+00   0.000000E+00   0.000000E+00   0.000000E+00
   0.975000E+00  -0.490239E-02   0.885663E-07   0.347761E-03   0.000000E+00   0.000000E+00   0.000000E+00   0.000000E+00
   0.100000E+01   0.000000E+00   0.000000E+00   0.000000E+00   0.000000E+00   0.000000E+00   0.000000E+00   0.000000E+00
 VARIABLES = "Y","U","V","W","T","Q","VP","EY"
 ZONE J =          22 ,F=POINT
   0.000000E+00   0.000000E+00   0.000000E+00   0.000000E+00   0.000000E+00   0.000000E+00   0.000000E+00   0.000000E+00
   0.250000E-01  -0.510244E-02  -0.104456E-06   0.364283E-03   0.000000E+00   0.000000E+00   0.000000E+00   0.000000E+00
   0.750000E-01  -0.550177E-02  -0.122418E-06   0.391320E-03   0.000000E+00   0.000000E+00   0.000000E+00   0.000000E+00
   0.125000E+00  -0.551209E-02  -0.130721E-06   0.392022E-03   0.000000E+00   0.000000E+00   0.000000E+00   0.000000E+00
   0.175000E+00  -0.551223E-02  -0.127901E-06   0.392046E-03   0.000000E+00   0.000000E+00   0.000000E+00   0.000000E+00
   0.225000E+00  -0.551211E-02  -0.123441E-06   0.392069E-03   0.000000E+00   0.000000E+00   0.000000E+00   0.000000E+00
   0.275000E+00  -0.551203E-02  -0.107446E-06   0.392087E-03   0.000000E+00   0.000000E+00   0.000000E+00   0.000000E+00
   0.325000E+00  -0.551194E-02  -0.916673E-07   0.392106E-03   0.000000E+00   0.000000E+00   0.000000E+00   0.000000E+00
   0.375000E+00  -0.551188E-02  -0.662678E-07   0.392120E-03   0.000000E+00   0.000000E+00   0.000000E+00   0.000000E+00
   0.425000E+00  -0.551183E-02  -0.430049E-07   0.392131E-03   0.000000E+00   0.000000E+00   0.000000E+00   0.000000E+00
   0.475000E+00  -0.551180E-02  -0.129127E-07   0.392136E-03   0.000000E+00   0.000000E+00   0.000000E+00   0.000000E+00
   0.525000E+00  -0.551180E-02   0.129127E-07   0.392136E-03   0.000000E+00   0.000000E+00   0.000000E+00   0.000000E+00
   0.575000E+00  -0.551183E-02   0.430049E-07   0.392131E-03   0.000000E+00   0.000000E+00   0.000000E+00   0.000000E+00
   0.625000E+00  -0.551188E-02   0.662678E-07   0.392120E-03   0.000000E+00   0.000000E+00   0.000000E+00   0.000000E+00
   0.675000E+00  -0.551194E-02   0.916673E-07   0.392106E-03   0.000000E+00   0.000000E+00   0.000000E+00   0.000000E+00
   0.725000E+00  -0.551203E-02   0.107446E-06   0.392087E-03   0.000000E+00   0.000000E+00   0.000000E+00   0.000000E+00
   0.775000E+00  -0.551211E-02   0.123441E-06   0.392069E-03   0.000000E+00   0.000000E+00   0.000000E+00   0.000000E+00
   0.825000E+00  -0.551223E-02   0.127901E-06   0.392046E-03   0.000000E+00   0.000000E+00   0.000000E+00   0.000000E+00
   0.875000E+00  -0.551209E-02   0.130721E-06   0.392022E-03   0.000000E+00   0.000000E+00   0.000000E+00   0.000000E+00
   0.925000E+00  -0.550177E-02   0.122418E-06   0.391320E-03   0.000000E+00   0.000000E+00   0.000000E+00   0.000000E+00
   0.975000E+00  -0.510244E-02   0.104456E-06   0.364283E-03   0.000000E+00   0.000000E+00   0.000000E+00   0.000000E+00
   0.100000E+01   0.000000E+00   0.000000E+00   0.000000E+00   0.000000E+00   0.000000E+00   0.000000E+00   0.000000E+00
 VARIABLES = "Y","U","V","W","T","Q","VP","EY"
 ZONE J =          22 ,F=POINT
   0.000000E+00   0.000000E+00   0.000000E+00   0.000000E+00   0.000000E+00   0.000000E+00   0.000000E+00   0.000000E+00
   0.250000E-01  -0.529977E-02  -0.122237E-06   0.380871E-03   0.000000E+00   0.000000E+00   0.000000E+00   0.000000E+00
   0.750000E-01  -0.573333E-02  -0.143224E-06   0.410298E-03   0.000000E+00   0.000000E+00   0.000000E+00   0.000000E+00
   0.125000E+00  -0.574505E-02  -0.152507E-06   0.411096E-03   0.000000E+00   0.000000E+00   0.000000E+00   0.000000E+00
   0.175000E+00  -0.574521E-02  -0.148947E-06   0.411125E-03   0.000000E+00   0.000000E+00   0.000000E+00   0.000000E+00
   0.225000E+00  -0.574509E-02  -0.143518E-06   0.411151E-03   0.000000E+00   0.000000E+00   0.000000E+00   0.000000E+00
   0.275000E+00  -0.574500E-02  -0.124797E-06   0.411173E-03   0.000000E+00   0.000000E+00   0.000000E+00   0.000000E+00
   0.325000E+00  -0.574489E-02  -0.106402E-06   0.411195E-03   0.000000E+00   0.000000E+00   0.000000E+00   0.000000E+00
   0.375000E+00  -0.574482E-02  -0.768606E-07   0.411212E-03   0.000000E+00   0.000000E+00   0.000000E+00   0.000000E+00
   0.425000E+00  -0.574476E-02  -0.498962E-07   0.411225E-03   0.000000E+00   0.000000E+00   0.000000E+00   0.000000E+00
   0.475000E+00  -0.574474E-02  -0.149499E-07   0.411231E-03   0.000000E+00   0.000000E+00   0.000000E+00   0.000000E+00
   0.525000E+00  -0.574474E-02   0.149499E-07   0.411231E-03   0.000000E+00   0.000000E+00   0.000000E+00   0.000000E+00
   0.575000E+00  -0.574476E-02   0.498962E-07   0.411225E-03   0.000000E+00   0.000000E+00   0.000000E+00   0.000000E+00
   0.625000E+00  -0.574482E-02   0.768606E-07   0.411212E-03   0.000000E+00   0.000000E+00   0.000000E+00   0.000000E+00
   0.675000E+00  -0.574489E-02   0.106402E-06   0.411195E-03   0.000000E+00   0.000000E+00   0.000000E+00   0.000000E+00
   0.725000E+00  -0.574500E-02   0.124797E-06   0.411173E-03   0.000000E+00   0.000000E+00   0.000000E+00   0.000000E+00
   0.775000E+00  -0.574509E-02   0.143518E-06   0.411151E-03   0.000000E+00   0.000000E+00   0.000000E+00   0.000000E+00
   0.825000E+00  -0.574521E-02   0.148947E-06   0.411125E-03   0.000000E+00   0.000000E+00   0.000000E+00   0.000000E+00
   0.875000E+00  -0.574505E-02   0.152507E-06   0.411096E-03   0.000000E+00   0.000000E+00   0.000000E+00   0.000000E+00
   0.925000E+00  -0.573333E-02   0.143224E-06   0.410298E-03   0.000000E+00   0.000000E+00   0.000000E+00   0.000000E+00
   0.975000E+00  -0.529977E-02   0.122237E-06   0.380871E-03   0.000000E+00   0.000000E+00   0.000000E+00   0.000000E+00
   0.100000E+01   0.000000E+00   0.000000E+00   0.000000E+00   0.000000E+00   0.000000E+00   0.000000E+00   0.000000E+00
 VARIABLES = "Y","U","V","W","T","Q","VP","EY"
 ZONE J =          22 ,F=POINT
   0.000000E+00   0.000000E+00   0.000000E+00   0.000000E+00   0.000000E+00   0.000000E+00   0.000000E+00   0.000000E+00
   0.250000E-01  -0.549443E-02  -0.142030E-06   0.397527E-03   0.000000E+00   0.000000E+00   0.000000E+00   0.000000E+00
   0.750000E-01  -0.596338E-02  -0.166407E-06   0.429438E-03   0.000000E+00   0.000000E+00   0.000000E+00   0.000000E+00
   0.125000E+00  -0.597661E-02  -0.176715E-06   0.430340E-03   0.000000E+00   0.000000E+00   0.000000E+00   0.000000E+00
   0.175000E+00  -0.597680E-02  -0.172290E-06   0.430373E-03   0.000000E+00   0.000000E+00   0.000000E+00   0.000000E+00
   0.225000E+00  -0.597667E-02  -0.165747E-06   0.430405E-03   0.000000E+00   0.000000E+00   0.000000E+00   0.000000E+00
   0.275000E+00  -0.597656E-02  -0.143987E-06   0.430430E-03   0.000000E+00   0.000000E+00   0.000000E+00   0.000000E+00
   0.325000E+00  -0.597644E-02  -0.122690E-06   0.430457E-03   0.000000E+00   0.000000E+00   0.000000E+00   0.000000E+00
   0.375000E+00  -0.597637E-02  -0.885573E-07   0.430477E-03   0.000000E+00   0.000000E+00   0.000000E+00   0.000000E+00
   0.425000E+00  -0.597630E-02  -0.575111E-07   0.430491E-03   0.000000E+00   0.000000E+00   0.000000E+00   0.000000E+00
   0.475000E+00  -0.597627E-02  -0.171936E-07   0.430499E-03   0.000000E+00   0.000000E+00   0.000000E+00   0.000000E+00
   0.525000E+00  -0.597627E-02   0.171936E-07   0.430499E-03   0.000000E+00   0.000000E+00   0.000000E+00   0.000000E+00
   0.575000E+00  -0.597630E-02   0.575111E-07   0.430491E-03   0.000000E+00   0.000000E+00   0.000000E+00   0.000000E+00
   0.625000E+00  -0.597637E-02   0.885573E-07   0.430477E-03   0.000000E+00   0.000000E+00   0.000000E+00   0.000000E+00
   0.675000E+00  -0.597644E-02   0.122690E-06   0.430457E-03   0.000000E+00   0.000000E+00   0.000000E+00   0.000000E+00
   0.725000E+00  -0.597656E-02   0.143987E-06   0.430430E-03   0.000000E+00   0.000000E+00   0.000000E+00   0.000000E+00
   0.775000E+00  -0.597667E-02   0.165747E-06   0.430405E-03   0.000000E+00   0.000000E+00   0.000000E+00   0.000000E+00
   0.825000E+00  -0.597680E-02   0.172290E-06   0.430373E-03   0.000000E+00   0.000000E+00   0.000000E+00   0.000000E+00
   0.875000E+00  -0.597661E-02   0.176715E-06   0.430340E-03   0.000000E+00   0.000000E+00   0.000000E+00   0.000000E+00
   0.925000E+00  -0.596338E-02   0.166407E-06   0.429438E-03   0.000000E+00   0.000000E+00   0.000000E+00   0.000000E+00
   0.975000E+00  -0.549443E-02   0.142030E-06   0.397527E-03   0.000000E+00   0.000000E+00   0.000000E+00   0.000000E+00
   0.100000E+01   0.000000E+00   0.000000E+00   0.000000E+00   0.000000E+00   0.000000E+00   0.000000E+00   0.000000E+00
 VARIABLES = "Y","U","V","W","T","Q","VP","EY"
 ZONE J =          22 ,F=POINT
   0.000000E+00   0.000000E+00   0.000000E+00   0.000000E+00   0.000000E+00   0.000000E+00   0.000000E+00   0.000000E+00
   0.250000E-01  -0.568645E-02  -0.163955E-06   0.414257E-03   0.000000E+00   0.000000E+00   0.000000E+00   0.000000E+00
   0.750000E-01  -0.619194E-02  -0.192114E-06   0.448744E-03   0.000000E+00   0.000000E+00   0.000000E+00   0.000000E+00
   0.125000E+00  -0.620678E-02  -0.203487E-06   0.449758E-03   0.000000E+00   0.000000E+00   0.000000E+00   0.000000E+00
   0.175000E+00  -0.620702E-02  -0.198057E-06   0.449797E-03   0.000000E+00   0.000000E+00   0.000000E+00   0.000000E+00
   0.225000E+00  -0.620686E-02  -0.190246E-06   0.449834E-03   0.000000E+00   0.000000E+00   0.000000E+00   0.000000E+00
   0.275000E+00  -0.620675E-02  -0.165111E-06   0.449863E-03   0.000000E+00   0.000000E+00   0.000000E+00   0.000000E+00
   0.325000E+00  -0.620662E-02  -0.140609E-06   0.449894E-03   0.000000E+00   0.000000E+00   0.000000E+00   0.000000E+00
   0.375000E+00  -0.620653E-02  -0.101412E-06   0.449917E-03   0.000000E+00   0.000000E+00   0.000000E+00   0.000000E+00
   0.425000E+00  -0.620646E-02  -0.658863E-07   0.449935E-03   0.000000E+00   0.000000E+00   0.000000E+00   0.000000E+00
   0.475000E+00  -0.620643E-02  -0.196530E-07   0.449943E-03   0.000000E+00   0.000000E+00   0.000000E+00   0.000000E+00
   0.525000E+00  -0.620643E-02   0.196530E-07   0.449943E-03   0.000000E+00   0.000000E+00   0.000000E+00   0.000000E+00
   0.575000E+00  -0.620646E-02   0.658863E-07   0.449935E-03   0.000000E+00   0.000000E+00   0.000000E+00   0.000000E+00
   0.625000E+00  -0.620653E-02   0.101412E-06   0.449917E-03   0.000000E+00   0.000000E+00   0.000000E+00   0.000000E+00
   0.675000E+00  -0.620662E-02   0.140609E-06   0.449894E-03   0.000000E+00   0.000000E+00   0.000000E+00   0.000000E+00
   0.725000E+00  -0.620675E-02   0.165111E-06   0.449863E-03   0.000000E+00   0.000000E+00   0.000000E+00   0.000000E+00
   0.775000E+00  -0.620686E-02   0.190246E-06   0.449834E-03   0.000000E+00   0.000000E+00   0.000000E+00   0.000000E+00
   0.825000E+00  -0.620702E-02   0.198057E-06   0.449797E-03   0.000000E+00   0.000000E+00   0.000000E+00   0.000000E+00
   0.875000E+00  -0.620678E-02   0.203487E-06   0.449758E-03   0.000000E+00   0.000000E+00   0.000000E+00   0.000000E+00
   0.925000E+00  -0.619194E-02   0.192114E-06   0.448744E-03   0.000000E+00   0.000000E+00   0.000000E+00   0.000000E+00
   0.975000E+00  -0.568645E-02   0.163955E-06   0.414257E-03   0.000000E+00   0.000000E+00   0.000000E+00   0.000000E+00
   0.100000E+01   0.000000E+00   0.000000E+00   0.000000E+00   0.000000E+00   0.000000E+00   0.000000E+00   0.000000E+00
